%time,field
1697994362704124928,1552
1697994362811240832,1552
1697994362811344896,1553
1697994362863275296,1555
1697994362914462368,1554
1697994362964381024,1555
1697994363013980928,1554
1697994363073210976,1555
1697994363123567680,1555
1697994363173633984,1555
1697994363223406464,1581
1697994363273228384,1593
1697994363333748736,1580
1697994363384193952,1573
1697994363433708320,1574
1697994363483246592,1234
1697994363533378944,1573
1697994363593403776,1555
1697994363645395232,1538
1697994363693236160,1528
1697994363743275712,1515
1697994363803204704,1512
1697994363854108736,1510
1697994363903346336,1502
1697994363953728416,1502
1697994364004596416,1502
1697994364064596608,1502
1697994364113266080,1500
1697994364163185312,1500
1697994364213374528,1502
1697994364263476544,1223
1697994364325621184,1499
1697994364373257536,1497
1697994364423895744,1498
1697994364473249312,1496
1697994364523293056,1406
1697994364587489952,1342
1697994364633268384,1246
1697994364683598016,1035
1697994364733928832,1002
1697994364783174304,1002
1697994364843863072,1002
1697994364899192576,1002
1697994364944216416,1003
1697994364993294560,1003
1697994365053467328,1396
1697994365103320832,1495
1697994365154303264,1500
1697994365203240192,1503
1697994365253524352,1499
1697994365313944096,1561
1697994365363855008,1580
1697994365413943424,1599
1697994365463991328,1323
1697994365513886048,1581
1697994365573685248,1582
1697994365624321344,1582
1697994365674034752,1582
1697994365723202528,1580
1697994365773554816,1582
1697994365836137152,1593
1697994365884156896,1601
1697994365933555296,1596
1697994365983731744,1585
1697994366034105152,1538
1697994366093352352,1499
1697994366146123648,1497
1697994366193363488,1494
1697994366243216960,1486
1697994366303347360,1279
1697994366353625920,1204
1697994366404425568,1175
1697994366453444864,1096
1697994366503450176,1096
1697994366566449952,1086
1697994366613883168,1003
1697994366663641216,1002
1697994366713457888,1003
1697994366763576000,1003
1697994366824114368,1002
1697994366873214048,1122
1697994366923186304,1452
1697994366973606112,1497
1697994367023370112,1498
1697994367083328736,1499
1697994367133348768,1499
1697994367183614784,1498
1697994367235931648,1498
1697994367283174208,1499
1697994367343394336,1500
1697994367393835936,1500
1697994367443343680,1271
1697994367493698720,1000
1697994367553680128,1553
1697994367603386912,1540
1697994367653606624,1540
1697994367703257440,1540
1697994367753591296,1539
1697994367813496864,1540
1697994367863914624,1566
1697994367913289344,1600
1697994367965795808,1599
1697994368013786080,1573
1697994368063521760,1573
1697994368123490560,1573
1697994368174371136,1553
1697994368223201280,1207
1697994368273885728,1533
1697994368335010720,1519
1697994368383202976,1503
1697994368433560608,1502
1697994368483429504,1502
1697994368540160928,1505
1697994368593227872,1526
1697994368643861632,1526
1697994368693662624,1527
1697994368743841216,1523
1697994368803993920,1520
1697994368856702560,1517
1697994368903220544,1517
1697994368954873792,1516
1697994369003493344,1512
1697994369063128640,1511
1697994369113428832,1508
1697994369163411872,1507
1697994369213135328,1527
1697994369263272640,1539
1697994369323352512,1538
1697994369373384896,1528
1697994369423298656,1244
1697994369473270528,1519
1697994369523452352,1517
1697994369575219168,1504
1697994369633716000,1505
1697994369683244800,1502
1697994369733522752,1502
1697994369783310592,1502
1697994369844486208,1502
1697994369893439904,1502
1697994369945086752,1502
1697994369996175712,1502
1697994370053375008,1502
1697994370103405984,1502
1697994370153473184,1528
1697994370203253472,1528
1697994370253502240,1529
1697994370313596704,1531
1697994370363775424,1532
1697994370413464864,1532
1697994370463301152,1530
1697994370513655168,1531
1697994370573194272,1531
1697994370624518496,1532
1697994370673171776,1532
1697994370727058080,1531
1697994370773455072,1532
1697994370834054592,1535
1697994370883276032,1538
1697994370934290336,1538
1697994370983848416,1538
1697994371034043136,1538
1697994371093302880,1538
1697994371144582560,1538
1697994371194661600,1537
1697994371243331072,1537
1697994371304155168,1537
1697994371353150912,1536
1697994371403455296,1269
1697994371453242432,1539
1697994371503241088,1538
1697994371564062496,1538
1697994371613403776,1539
1697994371663562400,1315
1697994371713233792,1539
1697994371763521472,1539
1697994371824364992,1540
1697994371873306560,1540
1697994371927146720,1543
1697994371974221184,1544
1697994372023447840,1545
1697994372083174752,1546
1697994372136143328,1546
1697994372183616960,1188
1697994372233442304,1545
1697994372283490336,1299
1697994372344220320,1568
1697994372393241600,1567
1697994372443297024,1564
1697994372493516352,1560
1697994372553483424,1557
1697994372606468128,1558
1697994372653641024,1556
1697994372703580640,1557
1697994372754457152,1557
1697994372806058976,1558
1697994372865950368,1557
1697994372913720192,1557
1697994372963233760,1557
1697994373013240000,1558
1697994373073218528,1557
1697994373123691104,1555
1697994373173771936,1555
1697994373223315456,1554
1697994373273390016,1554
1697994373333279328,1548
1697994373386643136,1549
1697994373435530400,1541
1697994373483676192,1541
1697994373533759840,1541
1697994373593373344,1540
1697994373643509984,1541
1697994373697195392,1541
1697994373743376416,1546
1697994373803212864,1551
1697994373854195840,1552
1697994373903544768,1552
1697994373955741408,1551
1697994374003175232,1552
1697994374064098624,1551
1697994374113299168,1552
1697994374164393056,1149
1697994374213227872,1550
1697994374267765088,1297
1697994374324393472,1550
1697994374373281024,1550
1697994374423288512,1551
1697994374474512000,1551
1697994374523659488,1551
1697994374583724544,1549
1697994374638954144,1550
1697994374683198752,1555
1697994374733431360,1554
1697994374783677664,1557
1697994374843272864,1557
1697994374894562432,1558
1697994374943274624,1557
1697994374995400192,1557
1697994375053964384,1557
1697994375104172992,1556
1697994375153286624,1558
1697994375206773280,1555
1697994375253570016,1556
1697994375313311072,1556
1697994375365547808,1555
1697994375413354560,1556
1697994375463252448,1556
1697994375513176672,1556
1697994375576652352,1553
1697994375623429120,1555
1697994375673454752,1555
1697994375723253952,1556
1697994375773589216,1556
1697994375833221088,1555
1697994375883313120,1555
1697994375933615360,1555
1697994375984412992,1553
1697994376033734528,1554
1697994376094053376,1553
1697994376143202720,1553
1697994376194019776,1553
1697994376243893632,1552
1697994376303517280,1550
1697994376353156128,1547
1697994376408174176,1547
1697994376453996448,1547
1697994376505824512,1547
1697994376563132992,1548
1697994376615828480,1545
1697994376663724128,1547
1697994376714042240,1547
1697994376763595040,1549
1697994376816954944,1547
1697994376874295584,1547
1697994376925194880,1548
1697994376973662304,1547
1697994377023250368,1165
1697994377084037216,1551
1697994377133218752,1552
1697994377183612096,1552
1697994377233439808,1552
1697994377284341056,1552
1697994377343353056,1551
1697994377393324512,1551
1697994377443997632,1553
1697994377494039424,1551
1697994377545956224,1551
1697994377603261632,1550
1697994377656029152,1552
1697994377703721024,1553
1697994377753661696,1551
1697994377814408320,1552
1697994377864933600,1551
1697994377914076128,1551
1697994377963223392,1550
1697994378014699008,1551
1697994378073969440,1550
1697994378123422528,1550
1697994378173596000,1552
1697994378223638944,1314
1697994378274476448,1551
1697994378333187712,1550
1697994378385828512,1547
1697994378435538528,1549
1697994378483262976,1548
1697994378535639840,1548
1697994378593325056,1547
1697994378643665248,1547
1697994378693266304,1547
1697994378743267392,1546
1697994378803151744,1549
1697994378853925088,1548
1697994378903632064,1548
1697994378953699552,1549
1697994379003266048,1156
1697994379063204800,1547
1697994379113465024,1548
1697994379163340000,1548
1697994379213646976,1550
1697994379263215008,1552
1697994379323305632,1550
1697994379374793536,1549
1697994379423648992,1550
1697994379475010880,1552
1697994379523197408,1550
1697994379588128160,1550
1697994379633785120,1549
1697994379685937344,1549
1697994379733661600,1550
1697994379783816960,1550
1697994379843952160,1551
1697994379893420288,1550
1697994379944037088,1550
1697994379993541312,1549
1697994380053466688,1549
1697994380103231648,1549
1697994380155748672,1549
1697994380203523168,1320
1697994380253540096,1550
1697994380314839968,1549
1697994380364440960,1550
1697994380413219584,1550
1697994380463614400,1550
1697994380513219616,1549
1697994380573254528,1549
1697994380623203648,1549
1697994380674193888,1549
1697994380724021696,1547
1697994380773563040,1548
1697994380833725088,1549
1697994380884079456,1549
1697994380933223104,1550
1697994380988103040,1180
1697994381034296512,1548
1697994381084508864,1550
1697994381143687776,1549
1697994381193246304,1549
1697994381244985504,1550
1697994381303637248,1549
1697994381353282656,1550
1697994381406219488,1549
1697994381453159072,1550
1697994381503623296,1550
1697994381563298784,1549
1697994381615853760,1549
1697994381667041824,1550
1697994381713530400,1551
1697994381763364384,1549
1697994381823912032,1551
1697994381873465536,1550
1697994381926177152,1552
1697994381973913216,1555
1697994382023623040,1555
1697994382083971360,1552
1697994382133419648,1555
1697994382183438528,1335
1697994382233648800,1555
1697994382284095712,1555
1697994382343225056,1554
1697994382393335168,1554
1697994382443416256,1554
1697994382493348992,1554
1697994382554410496,1554
1697994382603499904,1553
1697994382653340896,1552
1697994382704227104,1552
1697994382756500640,1551
1697994382818500224,1554
1697994382863973312,1552
1697994382914333760,1552
1697994382963494720,1138
1697994383013518016,1552
1697994383075503232,1550
1697994383123402016,1548
1697994383176100992,1549
1697994383223276416,1550
1697994383274777280,1548
1697994383333573536,1549
1697994383384573344,1550
1697994383433472192,1548
1697994383484016800,1550
1697994383533921632,1550
1697994383593179200,1550
1697994383643584384,1551
1697994383694175296,1554
1697994383743409184,1555
1697994383803900384,1556
1697994383853398752,1555
1697994383905519392,1555
1697994383953374720,1555
1697994384009576128,1553
1697994384063201184,1556
1697994384113283456,1553
1697994384163378848,1410
1697994384213258304,1555
1697994384263382016,1556
1697994384327204416,1555
1697994384373471040,1555
1697994384423294592,1554
1697994384474091392,1555
1697994384523187552,1553
1697994384583172064,1555
1697994384634681600,1555
1697994384683478464,1555
1697994384734890976,1555
1697994384784306752,1554
1697994384844699104,1554
1697994384895116704,1555
1697994384943817888,1128
1697994384993899840,1555
1697994385054405216,1555
1697994385104108224,1555
1697994385153551392,1556
1697994385203961152,1554
1697994385253332096,1554
1697994385313275648,1555
1697994385363294208,1556
1697994385413548288,1553
1697994385464094880,1556
1697994385513522656,1555
1697994385573788736,1554
1697994385624481920,1556
1697994385675759488,1554
1697994385723542048,1553
1697994385773193664,1550
1697994385834245952,1552
1697994385883123488,1551
1697994385933431872,1553
1697994385983108736,1553
1697994386034204032,1554
1697994386083701440,1553
1697994386143214464,1353
1697994386194230368,1553
1697994386243223936,1552
1697994386303689120,1552
1697994386358543200,1554
1697994386403677120,1552
1697994386457296224,1552
1697994386503478976,1552
1697994386564052416,1550
1697994386615517952,1553
1697994386663972672,1552
1697994386713753600,1551
1697994386763245856,1551
1697994386823407680,1551
1697994386873757888,1551
1697994386923370848,1056
1697994386973203904,1553
1697994387025538784,1418
1697994387084922784,1551
1697994387133868576,1551
1697994387183590816,1547
1697994387234175744,1552
1697994387286725888,1553
1697994387343696576,1552
1697994387393746240,1551
1697994387443248992,1551
1697994387493753344,1551
1697994387553447744,1551
1697994387603655424,1551
1697994387653613344,1552
1697994387710010368,1552
1697994387753209984,1551
1697994387813364320,1552
1697994387863419296,1552
1697994387914360512,1553
1697994387967042784,1554
1697994388013411040,1554
1697994388074125088,1554
1697994388124573792,1550
1697994388173289408,1554
1697994388223587968,1554
1697994388274009088,1555
1697994388333292224,1555
1697994388383573312,1553
1697994388433457984,1554
1697994388484068832,1554
1697994388533226304,1554
1697994388594108864,1554
1697994388643253088,1554
1697994388695994400,1554
1697994388744100800,1554
1697994388807384960,1556
1697994388853232768,1554
1697994388903775648,1555
1697994388953332896,1554
1697994389003453568,1430
1697994389063212704,1555
1697994389113259200,1554
1697994389165964512,1554
1697994389213730112,1554
1697994389263552224,1555
1697994389329788480,1552
1697994389373291776,1554
1697994389423184640,1553
1697994389476125184,1552
1697994389523338144,1551
1697994389584267104,1550
1697994389633677408,1553
1697994389683119904,1550
1697994389734023712,1552
1697994389783430368,1107
1697994389843251872,1553
1697994389893797920,1553
1697994389947297248,1552
1697994389993847808,1554
1697994390053363008,1553
1697994390103639552,1551
1697994390153988032,1552
1697994390204245344,1552
1697994390255372544,1552
1697994390313930080,1552
1697994390363163552,1552
1697994390413670048,1552
1697994390463217920,1554
1697994390513642560,1552
1697994390573452960,1553
1697994390623251392,1552
1697994390673301824,1554
1697994390723216832,1552
1697994390773414720,1553
1697994390833731264,1553
1697994390883292640,1553
1697994390934292576,1553
1697994390984003680,1438
1697994391034012096,1552
1697994391093936416,1553
1697994391143525920,1553
1697994391194277024,1552
1697994391245929280,1554
1697994391304173344,1553
1697994391353172544,1552
1697994391403219776,1553
1697994391454422240,1555
1697994391504577216,1553
1697994391563415200,1551
1697994391614138368,1548
1697994391663177952,1550
1697994391713742976,1551
1697994391763658880,1034
1697994391832521696,1551
1697994391873496992,1550
1697994391923637792,1550
1697994391973212320,1550
1697994392023242144,1550
1697994392083611520,1551
1697994392133542944,1551
1697994392183299264,1551
1697994392233208032,1552
1697994392283932736,1554
1697994392343362432,1554
1697994392395899200,1554
1697994392443836928,1553
1697994392502479008,1554
1697994392553581312,1554
1697994392604035456,1554
1697994392654383840,1553
1697994392703186176,1552
1697994392753460576,1551
1697994392813730752,1551
1697994392864929152,1551
1697994392913349920,1552
1697994392964096128,1414
1697994393014021856,1552
1697994393074351552,1552
1697994393123283744,1551
1697994393173465312,1555
1697994393223209152,1551
1697994393273245856,1551
1697994393336018816,1551
1697994393383185248,1551
1697994393433346976,1552
1697994393483269440,1552
1697994393533622016,1551
1697994393593266048,1551
1697994393643218272,1552
1697994393694185376,1551
1697994393743794048,1088
1697994393803236352,1552
1697994393853303424,1553
1697994393906088576,1016
1697994393953508096,1552
1697994394004252448,1554
1697994394063366336,1552
1697994394113411456,1552
1697994394163238528,1552
1697994394213593056,1551
1697994394263743424,1552
1697994394324674432,1552
1697994394373798496,1550
1697994394423714240,1554
1697994394477454752,1551
1697994394523352480,1551
1697994394583354880,1553
1697994394635497248,1552
1697994394683331936,1552
1697994394733152384,1552
1697994394783438944,1552
1697994394843814976,1553
1697994394893292704,1552
1697994394943271776,1454
1697994394993222432,1551
1697994395053364384,1552
1697994395103206912,1550
1697994395153274304,1551
1697994395203565664,1551
1697994395254989408,1551
1697994395314105632,1551
1697994395363710560,1550
1697994395413322592,1551
1697994395463615616,1551
1697994395517048640,1551
1697994395574778624,1551
1697994395623827040,1550
1697994395673258368,1551
1697994395723747008,1015
1697994395773741952,1547
1697994395833397536,1550
1697994395883645056,1551
1697994395934206624,1552
1697994395983136896,1550
1697994396033374048,1552
1697994396093523744,1550
1697994396143304480,1551
1697994396194236384,1550
1697994396243727616,1550
1697994396304073120,1551
1697994396358452928,1552
1697994396403201664,1551
1697994396453729184,1552
1697994396503127424,1550
1697994396563805120,1550
1697994396613978176,1550
1697994396663468448,1551
1697994396713698688,1554
1697994396763212096,1555
1697994396823169856,1550
1697994396873243136,1550
1697994396923322400,1430
1697994396973279488,1550
1697994397023769632,1551
1697994397084175712,1551
1697994397134459776,1551
1697994397184140512,1551
1697994397233891392,1552
1697994397284875520,1551
1697994397344447392,1552
1697994397393430848,1553
1697994397443186336,1551
1697994397494781184,1553
1697994397553340992,1553
1697994397603347456,1553
1697994397653269984,1553
1697994397706924160,1038
1697994397754153696,1553
1697994397813396832,1552
1697994397863648032,1557
1697994397913271296,1558
1697994397963200640,1556
1697994398013166560,1555
1697994398064858784,1554
1697994398124033152,1552
1697994398174043424,1553
1697994398224394176,1552
1697994398275067168,1551
1697994398333219072,1551
1697994398383178848,1551
1697994398433677664,1551
1697994398485231904,1549
1697994398533937152,1551
1697994398584844672,1551
1697994398643208992,1551
1697994398693243552,1551
1697994398746231104,1552
1697994398803405440,1553
1697994398853460224,1553
1697994398903809888,1446
1697994398953549568,1553
1697994399003732384,1554
1697994399063522624,1555
1697994399113573184,1555
1697994399164065184,1555
1697994399218690208,1555
1697994399263478656,1554
1697994399323920800,1554
1697994399377893024,1552
1697994399423195328,1553
1697994399473939776,1553
1697994399523833280,1553
1697994399583180160,1552
1697994399633847584,1552
1697994399684579648,1030
1697994399733329120,1553
1697994399786182432,1478
1697994399834862304,1551
1697994399893446752,1554
1697994399948335008,1556
1697994399993246880,1554
1697994400053449536,1554
1697994400103699776,1554
1697994400157713120,1553
1697994400203157824,1553
1697994400254088288,1553
1697994400318527616,1554
1697994400363203264,1553
1697994400414013696,1553
1697994400463412608,1554
1697994400513857120,1552
1697994400574071712,1553
1697994400623823584,1553
1697994400674197440,1553
1697994400723353664,1015
1697994400773421344,1553
1697994400834330592,1557
1697994400883357952,1554
1697994400934775136,1553
1697994400983700672,1552
1697994401033689696,1552
1697994401094217408,1552
1697994401144519616,1552
1697994401193243648,1553
1697994401243200064,1553
1697994401303389792,1554
1697994401353508032,1554
1697994401405725408,1556
1697994401454057184,1555
1697994401505912448,1554
1697994401564779712,1553
1697994401613706272,1554
1697994401664114048,1021
1697994401713921632,1554
1697994401763447264,1456
1697994401823442720,1552
1697994401879074368,1553
1697994401927471456,1553
1697994401973411616,1553
1697994402023728576,1552
1697994402083081216,1552
1697994402133434080,1553
1697994402183560448,1552
1697994402233383424,1552
1697994402283340320,1551
1697994402344497536,1553
1697994402393857152,1553
1697994402446802336,1552
1697994402493210304,1552
1697994402554882304,1553
1697994402603440928,1553
1697994402653562848,1551
1697994402703174272,1054
1697994402753868032,1552
1697994402813221280,1551
1697994402863410784,1552
1697994402914155424,1552
1697994402964317856,1551
1697994403014584032,1551
1697994403063960192,1551
1697994403123390880,1551
1697994403173851328,1551
1697994403223503584,1551
1697994403276116704,1552
1697994403333712256,1551
1697994403383188288,1553
1697994403434705248,1551
1697994403483154336,1551
1697994403533524672,1551
1697994403598997184,1551
1697994403643227136,1552
1697994403694337120,1553
1697994403743314304,1467
1697994403803249984,1554
1697994403856438944,1554
1697994403903215744,1553
1697994403953782912,1552
1697994404004237024,1553
1697994404064265728,1553
1697994404114195552,1553
1697994404163996672,1554
1697994404213251808,1553
1697994404263473024,1552
1697994404316889056,1555
1697994404374012192,1556
1697994404423509280,1556
1697994404474565344,1560
1697994404523832128,1008
1697994404583615840,1562
1697994404633343680,1566
1697994404688310016,1081
1697994404733816736,1579
1697994404783220928,1599
1697994404843585952,1599
1697994404893220000,1595
1697994404945827456,1591
1697994404994104992,1589
1697994405054411680,1588
1697994405103975456,1581
1697994405153422720,1580
1697994405203730304,1575
1697994405253618912,1566
1697994405314034848,1537
1697994405363473056,1502
1697994405413323104,1500
1697994405463287904,1499
1697994405513236416,1499
1697994405573535968,1499
1697994405623543904,1496
1697994405674429760,1499
1697994405723170016,1484
1697994405774569568,1499
1697994405827727904,1499
1697994405883201184,1499
1697994405933487392,1496
1697994405983349536,1495
1697994406033810784,1317
1697994406085589152,1240
1697994406143158816,1150
1697994406193944768,1037
1697994406243717280,1037
1697994406303234176,1258
1697994406353168032,1408
1697994406403350336,1442
1697994406453349280,1436
1697994406504133568,1500
1697994406563149792,1501
1697994406613710400,1502
1697994406663199200,1068
1697994406713502752,1563
1697994406764624608,1551
1697994406830426784,1540
1697994406873173856,1545
1697994406924046944,1601
1697994406973545216,1657
1697994407024037824,1865
1697994407087227968,1602
1697994407133938752,1579
1697994407184105632,1573
1697994407233353184,1541
1697994407283409248,1502
1697994407343905632,1499
1697994407400037664,1498
1697994407443257280,1496
1697994407493573440,1304
1697994407553345728,1161
1697994407603974496,1002
1697994407655738112,1003
1697994407703676352,1057
1697994407753693312,1206
1697994407814241280,1227
1697994407869780832,1164
1697994407913704864,1176
1697994407963715712,1260
1697994408013197248,1411
1697994408073967616,1494
1697994408124581248,1497
1697994408173285056,1499
1697994408227177408,1499
1697994408273139680,1557
1697994408334772032,1582
1697994408383414176,1573
1697994408433548256,1508
1697994408483250560,1506
1697994408533713856,1511
1697994408593787616,1511
1697994408643290464,1011
1697994408695569888,1513
1697994408743938944,1519
1697994408803560064,1522
1697994408853658752,1523
1697994408903449024,1521
1697994408953334560,1522
1697994409003370784,1523
1697994409063438528,1521
1697994409113749088,1537
1697994409164119200,1536
1697994409215631392,1535
1697994409263314400,1514
1697994409328104672,1508
1697994409373399776,1513
1697994409424008224,1514
1697994409473528032,1514
1697994409524373376,1047
1697994409583195872,1518
1697994409633753632,1531
1697994409683697280,1499
1697994409733186752,1529
1697994409783534656,1520
1697994409843312384,1516
1697994409893222656,1518
1697994409943190272,1518
1697994409993209312,1516
1697994410053437408,1516
1697994410104146592,1518
1697994410153673472,1533
1697994410203242176,1535
1697994410253774976,1535
1697994410313430048,1541
1697994410366762592,1547
1697994410413289280,1547
1697994410463138176,1540
1697994410513739392,1537
1697994410574140896,1538
1697994410624100384,1538
1697994410674167488,1538
1697994410724566592,1541
1697994410773269280,1541
1697994410838213440,1542
1697994410883384128,1542
1697994410933309952,1542
1697994410987094112,1542
1697994411033229856,1543
1697994411093400832,1542
1697994411144124320,1541
1697994411193319904,1541
1697994411243184384,1539
1697994411306572352,1538
1697994411353331456,1537
1697994411403291776,1538
1697994411453215648,1540
1697994411503826016,1050
1697994411564284928,1540
1697994411613399584,1546
1697994411663867904,1545
1697994411713208512,1548
1697994411763333280,1544
1697994411823345920,1546
1697994411874116064,1547
1697994411923141728,1547
1697994411973224960,1563
1697994412023781184,1571
1697994412083780320,1569
1697994412134212352,1550
1697994412183589280,1549
1697994412234850240,1547
1697994412283208608,1545
1697994412343196832,1546
1697994412393536480,1546
1697994412443918816,1547
1697994412493620256,1546
1697994412561042624,1546
1697994412603736768,1547
1697994412653599360,1547
1697994412703452864,1548
1697994412753546432,1547
1697994412813213504,1546
1697994412863738080,1548
1697994412915973568,1547
1697994412963640064,1552
1697994413013316096,1551
1697994413073683520,1553
1697994413124555840,1551
1697994413173360320,1551
1697994413223290400,1552
1697994413273210016,1551
1697994413334218528,1550
1697994413383172352,1550
1697994413433732000,1549
1697994413483468640,1067
1697994413533594176,1549
1697994413593552032,1550
1697994413643201440,1536
1697994413693329984,1548
1697994413744277952,1543
1697994413805909984,1542
1697994413853222784,1542
1697994413903196800,1544
1697994413953563040,1546
1697994414004488064,1548
1697994414063256896,1548
1697994414113913472,1548
1697994414166791808,1548
1697994414216468864,1546
1697994414263617984,1437
1697994414323263776,1545
1697994414374161952,1542
1697994414423693472,1541
1697994414474229568,1542
1697994414523148352,1536
1697994414583977792,1542
1697994414634570976,1542
1697994414683484672,1542
1697994414733894720,1542
1697994414783261344,1542
1697994414836620544,1543
1697994414893551104,1543
1697994414944411072,1540
1697994414993475648,1540
1697994415053894048,1539
1697994415103957696,1540
1697994415153295872,1542
1697994415203083424,1540
1697994415254515136,1539
1697994415313310528,1543
1697994415363319552,1553
1697994415413655520,1583
1697994415467512192,1184
1697994415513258432,1584
1697994415573752160,1553
1697994415623503552,1539
1697994415675877440,1537
1697994415724324928,1538
1697994415773380192,1537
1697994415833309696,1538
1697994415883543328,1543
1697994415934729888,1548
1697994415983288704,1549
1697994416034194336,1547
1697994416094176704,1546
1697994416143988288,1547
1697994416194288960,1547
1697994416243171072,1429
1697994416303348320,1550
1697994416356516032,1549
1697994416403361536,1548
1697994416453710592,1548
1697994416503330496,1486
1697994416565885728,1550
1697994416613621792,1555
1697994416663207776,1555
1697994416713599648,1557
1697994416763339488,1557
1697994416823125632,1557
1697994416873326304,1556
1697994416926805856,1556
1697994416973872224,1557
1697994417027993984,1555
1697994417083216704,1556
1697994417133317088,1554
1697994417183381632,1555
1697994417233222624,1556
1697994417284370240,1554
1697994417347551104,1555
1697994417393323424,1554
1697994417443470880,1555
1697994417493350880,1555
1697994417553200288,1555
1697994417603625376,1555
1697994417653923424,1554
1697994417703641952,1556
1697994417753682144,1554
1697994417814209408,1554
1697994417863324160,1554
1697994417913513376,1555
1697994417963745376,1556
1697994418013730560,1553
1697994418073333824,1553
1697994418123190400,1555
1697994418174531328,1554
1697994418223215008,1553
1697994418274367168,1553
1697994418334122720,1555
1697994418383213024,1554
1697994418433189408,1553
1697994418483226624,1553
1697994418536157920,1554
1697994418593657856,1553
1697994418646005408,1553
1697994418693426336,1554
1697994418743447136,1552
1697994418804013664,1553
1697994418853189088,1553
1697994418903560768,1552
1697994418953757440,1553
1697994419003406400,1553
1697994419057385632,1553
1697994419113287008,1552
1697994419163592192,1552
1697994419213443296,1550
1697994419263815904,1552
1697994419323079008,1551
1697994419373172992,1552
1697994419423520800,1224
1697994419474406208,1550
1697994419525307360,1552
1697994419583679360,1551
1697994419633379360,1551
1697994419683611968,1551
1697994419733776864,1551
1697994419783721728,1551
1697994419844181184,1550
1697994419894890080,1550
1697994419944219648,1552
1697994419993696192,1552
1697994420055692000,1552
1697994420103470688,1552
1697994420154240448,1552
1697994420205315040,1551
1697994420253301056,1551
1697994420313956800,1552
1697994420363291680,1551
1697994420413808288,1550
1697994420463797248,1550
1697994420513716512,1550
1697994420574351744,1550
1697994420623531296,1549
1697994420673610752,1544
1697994420724239616,1541
1697994420773516256,1537
1697994420833440512,1529
1697994420883520736,1522
1697994420933256032,1511
1697994420983689056,1502
1697994421033317504,1503
1697994421093573632,1502
1697994421143712320,1502
1697994421194112064,1501
1697994421243804608,1502
1697994421303230720,1501
1697994421353190496,1501
1697994421403294272,1120
1697994421453780736,1521
1697994421503692576,1522
1697994421563298560,1546
1697994421615013600,1549
1697994421663342720,1545
1697994421713330848,1540
1697994421763174720,1536
1697994421823274336,1534
1697994421874011968,1538
1697994421923558880,1537
1697994421973435168,1537
1697994422023311072,1537
1697994422084257824,1538
1697994422133466048,1536
1697994422183473760,1516
1697994422237873184,1503
1697994422283602304,1124
1697994422343310240,1502
1697994422398178624,1502
1697994422443216352,1501
1697994422495169792,1500
1697994422553270272,1503
1697994422604184640,1502
1697994422653350656,1502
1697994422703775712,1502
1697994422753485088,1502
1697994422813975808,1501
1697994422866567168,1501
1697994422913264672,1501
1697994422963244288,1501
1697994423013613152,1502
1697994423073668288,1503
1697994423124107392,1518
1697994423174087328,1524
1697994423223232160,1523
1697994423273970944,1522
1697994423334022432,1520
1697994423383996448,1518
1697994423433813280,1520
1697994423483777728,1522
1697994423534046208,1535
1697994423593290560,1534
1697994423643389344,1531
1697994423693491808,1526
1697994423744584672,1513
1697994423804131648,1512
1697994423853951648,1505
1697994423903916704,1505
1697994423955443840,1504
1697994424004249568,1503
1697994424063807616,1502
1697994424114121280,1502
1697994424163245376,1501
1697994424216186176,1500
1697994424263133632,1132
1697994424323503936,1499
1697994424377345984,1501
1697994424423262144,1501
1697994424473362848,1500
1697994424524089664,1499
1697994424584401984,1500
1697994424633275744,1500
1697994424685597248,1498
1697994424733421504,1500
1697994424786151296,1499
1697994424847931008,1500
1697994424898482432,1499
1697994424944394432,1499
1697994424993469632,1498
1697994425053378528,1500
1697994425105975520,1499
1697994425153180640,1500
1697994425203276832,1498
1697994425253807072,1500
1697994425313597184,1499
1697994425364080128,1499
1697994425413282528,1500
1697994425463410752,1500
1697994425513919232,1500
1697994425574258240,1499
1697994425623328256,1500
1697994425673321600,1508
1697994425723354496,1516
1697994425773567936,1516
1697994425833838784,1519
1697994425887444768,1520
1697994425933421600,1520
1697994425983762176,1520
1697994426033840800,1519
1697994426093704256,1520
1697994426143342432,1523
1697994426193459360,1533
1697994426243842304,1205
1697994426303697728,1534
1697994426353353664,1528
1697994426403586400,1518
1697994426453319680,1513
1697994426504478496,1511
1697994426565766880,1502
1697994426613302336,1501
1697994426663250336,1502
1697994426713138432,1503
1697994426763823968,1502
1697994426823661760,1511
1697994426876338080,1513
1697994426927645504,1511
1697994426975174080,1512
1697994427023812448,1514
1697994427083885184,1518
1697994427133306208,1520
1697994427186321504,1519
1697994427233389760,1519
1697994427283800864,1518
1697994427343873888,1517
1697994427394387264,1513
1697994427444625280,1514
1697994427493610624,1514
1697994427553321024,1519
1697994427603185120,1525
1697994427657336320,1527
1697994427705687424,1525
1697994427756039808,1527
1697994427813554912,1526
1697994427867691616,1526
1697994427913229024,1526
1697994427963290624,1526
1697994428013288608,1522
1697994428073197888,1520
1697994428123392960,1518
1697994428173763424,1513
1697994428224011232,1185
1697994428275847232,1502
1697994428334160096,1502
1697994428386948096,1501
1697994428433412672,1502
1697994428484320736,1502
1697994428533222752,1502
1697994428593368544,1500
1697994428647810208,1501
1697994428693457920,1500
1697994428745972032,1500
1697994428803483456,1500
1697994428853375712,1498
1697994428903483168,1499
1697994428954438080,1501
1697994429004339712,1498
1697994429066958240,1500
1697994429116295968,1500
1697994429163699680,1500
1697994429213969440,1500
1697994429263639488,1500
1697994429323176416,1500
1697994429373294816,1502
1697994429429997760,1500
1697994429473264896,1500
1697994429523592032,1501
1697994429578858752,1500
1697994429633484224,1499
1697994429684094496,1499
1697994429735512512,1499
1697994429783475488,1499
1697994429843280320,1500
1697994429893369344,1500
1697994429943725824,1500
1697994429993180544,1500
1697994430053699040,1500
1697994430104070048,1501
1697994430153440736,1500
1697994430203938048,1156
1697994430253686304,1500
1697994430313461440,1501
1697994430363647744,1502
1697994430413442272,1501
1697994430463595072,1501
1697994430513408512,1502
1697994430573597152,1511
1697994430623270272,1529
1697994430673481312,1529
1697994430723213056,1527
1697994430773231488,1522
1697994430830847552,1519
1697994430883194240,1522
1697994430933798112,1520
1697994430984434688,1396
1697994431033427008,1520
1697994431093306624,1519
1697994431143192864,1521
1697994431193699872,1521
1697994431243190752,1520
1697994431303313120,1522
1697994431353861376,1520
1697994431403633952,1520
1697994431458936384,1519
1697994431507975872,1520
1697994431563549568,1520
1697994431613296416,1521
1697994431663250848,1519
1697994431713242944,1524
1697994431766396544,1525
1697994431824034624,1527
1697994431877445088,1528
1697994431923218080,1527
1697994431973387744,1537
1697994432023355712,1535
1697994432083200864,1536
1697994432133486272,1529
1697994432183952352,1195
1697994432233245536,1530
1697994432283839040,1530
1697994432343403008,1529
1697994432393470496,1532
1697994432443645600,1534
1697994432493251456,1535
1697994432553309504,1534
1697994432604096608,1534
1697994432653378592,1535
1697994432703294592,1534
1697994432756040032,1535
1697994432813462528,1534
1697994432868645632,1536
1697994432913242080,1535
1697994432963242976,1533
1697994433013425792,1533
1697994433073655456,1534
1697994433124917856,1533
1697994433173655168,1533
1697994433223254976,1533
1697994433273530752,1533
1697994433333535872,1533
1697994433383466592,1533
1697994433433251264,1533
1697994433484578816,1532
1697994433533956832,1533
1697994433594294016,1534
1697994433643284960,1533
1697994433693342656,1533
1697994433750410112,1533
1697994433803854976,1533
1697994433853231296,1533
1697994433904136704,1532
1697994433954009632,1533
1697994434004058304,1534
1697994434064091104,1533
1697994434114184672,1533
1697994434163755520,1208
1697994434213817440,1534
1697994434263555712,1535
1697994434324547616,1535
1697994434373701216,1535
1697994434424288672,1535
1697994434473329408,1535
1697994434523275360,1535
1697994434584230432,1537
1697994434635684704,1536
1697994434683288992,1535
1697994434733708096,1536
1697994434785213344,1535
1697994434843319712,1537
1697994434893297952,1536
1697994434943362624,1537
1697994434994336416,1537
1697994435053321664,1538
1697994435104241920,1537
1697994435154134976,1535
1697994435208048576,1538
1697994435253145856,1538
1697994435313599104,1539
1697994435364563296,1536
1697994435413430304,1538
1697994435463219904,1538
1697994435513350592,1538
1697994435574058240,1538
1697994435623993600,1539
1697994435674324480,1539
1697994435724372512,1539
1697994435777037248,1537
1697994435833833440,1539
1697994435884649280,1541
1697994435933409504,1539
1697994435986841824,1540
1697994436033227200,1540
1697994436093680960,1540
1697994436143200736,1223
1697994436193843136,1540
1697994436244048960,1539
1697994436303820608,1541
1697994436353404320,1545
1697994436403592960,1546
1697994436453810624,1546
1697994436507296256,1547
1697994436567898368,1545
1697994436619967040,1545
1697994436663134048,1546
1697994436713730848,1546
1697994436763429920,1547
1697994436823263968,1548
1697994436873446496,1549
1697994436926322368,1550
1697994436974034752,1549
1697994437023425216,1549
1697994437083353664,1550
1697994437134342496,1549
1697994437183480320,1552
1697994437236458912,1555
1697994437283537824,1556
1697994437344068960,1556
1697994437393960128,1557
1697994437443304864,1555
1697994437493474816,1556
1697994437554245472,1552
1697994437603377984,1547
1697994437653638592,1546
1697994437703142496,1547
1697994437753556544,1547
1697994437813983264,1547
1697994437863729280,1547
1697994437913985120,1548
1697994437963336128,1546
1697994438014117920,1547
1697994438073271072,1546
1697994438123737536,1546
1697994438174464064,1546
1697994438223298368,1546
1697994438274080736,1545
1697994438334378784,1546
1697994438384902752,1546
1697994438434650496,1546
1697994438483237728,1545
1697994438533411840,1545
1697994438593824064,1546
1697994438643805248,1544
1697994438693425408,1546
1697994438744101824,1547
1697994438804150400,1549
1697994438854146368,1546
1697994438903659680,1546
1697994438953655872,1546
1697994439006810912,1240
1697994439063280160,1546
1697994439113906912,1546
1697994439164357984,1545
1697994439213291744,1544
1697994439263869856,1546
1697994439323249376,1546
1697994439373252288,1546
1697994439423270272,1546
1697994439473215456,1545
1697994439527824480,1545
1697994439583919360,1543
1697994439633504512,1544
1697994439683422432,1545
1697994439736116416,1546
1697994439783204160,1546
1697994439843331680,1547
1697994439893346688,1551
1697994439943486496,1554
1697994439999278656,1558
1697994440045043200,1558
1697994440103550240,1559
1697994440153383136,1553
1697994440204688192,1548
1697994440259700576,1547
1697994440313493536,1547
1697994440364344608,1549
1697994440413323552,1550
1697994440463600736,1761
1697994440513824800,1545
1697994440574464992,1545
1697994440624090720,1545
1697994440673392512,1545
1697994440728144608,1545
1697994440777280192,1545
1697994440833723776,1545
1697994440884999488,1546
1697994440934142240,1544
1697994440983541440,1280
1697994441034451104,1546
1697994441094231936,1546
1697994441144001344,1549
1697994441193643040,1548
1697994441243627424,1547
1697994441306653408,1544
1697994441353536960,1549
1697994441405739680,1547
1697994441453927520,1541
1697994441503556448,1538
1697994441564052512,1539
1697994441614588896,1540
1697994441663292416,1541
1697994441714272800,1540
1697994441764609696,1318
1697994441823474528,1540
1697994441875474720,1540
1697994441923442848,1539
1697994441974575520,1539
1697994442023974592,1540
1697994442086269568,1541
1697994442133364096,1540
1697994442183741280,1539
1697994442233618496,1538
1697994442283156000,1538
1697994442343410976,1539
1697994442393507520,1540
1697994442443291904,1539
1697994442493377536,1538
1697994442554287584,1538
1697994442605227488,1538
1697994442653327168,1537
1697994442703155872,1537
1697994442753150272,1536
1697994442813130976,1537
1697994442863712608,1537
1697994442913466368,1537
1697994442963166688,1281
1697994443013497952,1537
1697994443074621888,1538
1697994443127240640,1538
1697994443179327328,1538
1697994443228869824,1537
1697994443273326272,1537
1697994443333512640,1537
1697994443383617248,1540
1697994443435563232,1540
1697994443483651584,1542
1697994443533474592,1540
1697994443593362720,1539
1697994443645135008,1539
1697994443698868992,1539
1697994443743198688,1541
1697994443804153568,1540
1697994443853653472,1539
1697994443903160608,1540
1697994443954131776,1540
1697994444004137632,1539
1697994444063413984,1539
1697994444113694976,1539
1697994444163430976,1539
1697994444214446336,1537
1697994444263823680,1539
1697994444323533856,1541
1697994444373252544,1539
1697994444427357504,1539
1697994444473352352,1539
1697994444523302368,1539
1697994444583936992,1537
1697994444635941152,1539
1697994444686425312,1539
1697994444733585376,1539
1697994444783515936,1539
1697994444843217280,1539
1697994444896642400,1540
1697994444943148768,1292
1697994444993630432,1539
1697994445053529152,1539
1697994445106004736,1539
1697994445153499392,1539
1697994445203199616,1539
1697994445253379104,1539
1697994445313413632,1540
1697994445363273600,1539
1697994445413783616,1538
1697994445464131872,1539
1697994445513301504,1537
1697994445573258400,1536
1697994445623376992,1537
1697994445673261664,1537
1697994445723649760,1536
1697994445774194208,1537
1697994445833231008,1536
1697994445883544864,1537
1697994445936193344,1537
1697994445983201312,1536
1697994446033792352,1536
1697994446093446880,1537
1697994446143266112,1536
1697994446193824800,1531
1697994446243435200,1529
1697994446303262720,1529
1697994446354000736,1530
1697994446403752096,1529
1697994446453200896,1529
1697994446503428288,1530
1697994446563238784,1531
1697994446616272768,1529
1697994446668507104,1530
1697994446713743584,1528
1697994446763963712,1527
1697994446823728576,1512
1697994446875398368,1502
1697994446925191200,1296
1697994446973810368,1501
1697994447029719488,1500
1697994447085827968,1500
1697994447136050208,1501
1697994447183474880,1226
1697994447234576576,1500
1697994447283178240,1500
1697994447348551648,1500
1697994447393618176,1500
1697994447443913632,1499
1697994447494105440,1500
1697994447553485536,1498
1697994447603519744,1499
1697994447653331424,1500
1697994447704434272,1291
1697994447753349536,1500
1697994447813275552,1499
1697994447868012928,1499
1697994447913257440,1500
1697994447963283808,1499
1697994448014226208,1498
1697994448073470816,1499
1697994448123543840,1498
1697994448174372032,1498
1697994448223683456,1498
1697994448274181376,1498
1697994448324683776,1498
1697994448383190656,1498
1697994448435762304,1497
1697994448484633568,1496
1697994448533999744,1498
1697994448594153152,1498
1697994448644074464,1498
1697994448693516288,1498
1697994448743623840,1499
1697994448804211200,1498
1697994448853974240,1498
1697994448904016064,1268
1697994448953952896,1499
1697994449003491424,1498
1697994449063352576,1498
1697994449116659520,1498
1697994449164042720,1498
1697994449219483456,1498
1697994449263397408,1498
1697994449324124288,1499
1697994449373978944,1498
1697994449424504960,1498
1697994449473935264,1498
1697994449524258976,1498
1697994449583832000,1498
1697994449634179264,1498
1697994449683402112,1496
1697994449733380640,1498
1697994449784433088,1497
1697994449843461984,1498
1697994449893610400,1497
1697994449946662848,1500
1697994449997519104,1498
1697994450057315328,1498
1697994450103540672,1496
1697994450154142080,1500
1697994450203253280,1497
1697994450253574528,1498
1697994450313161728,1498
1697994450363343232,1497
1697994450414165248,1498
1697994450464389184,1498
1697994450513192128,1498
1697994450573276000,1498
1697994450623489664,1498
1697994450673418272,1498
1697994450723167680,1498
1697994450773158432,1498
1697994450833884672,1499
1697994450884372576,1498
1697994450933650528,1498
1697994450983252416,1498
1697994451035255456,1498
1697994451094416448,1497
1697994451144608992,1498
1697994451194400672,1498
1697994451244226368,1498
1697994451304239680,1498
1697994451353699648,1497
1697994451403278080,1498
1697994451456361600,1498
1697994451503801312,1498
1697994451564534080,1498
1697994451613589952,1498
1697994451667555296,1499
1697994451714307648,1497
1697994451763552960,1280
1697994451823900928,1498
1697994451874338624,1498
1697994451923450976,1498
1697994451973215456,1497
1697994452023624256,1498
1697994452083854912,1497
1697994452133368992,1498
1697994452183284896,1498
1697994452236079488,1498
1697994452283954848,1498
1697994452345766656,1498
1697994452394186464,1498
1697994452443269920,1498
1697994452493578528,1498
1697994452553962720,1498
1697994452603265632,1499
1697994452658224192,1498
1697994452703565440,1498
1697994452753734048,1498
1697994452813824256,1498
1697994452864258496,1498
1697994452914305184,1498
1697994452963573152,1498
1697994453014292064,1498
1697994453073990368,1498
1697994453123292768,1497
1697994453173400992,1498
1697994453226740480,1498
1697994453273552544,1500
1697994453333662816,1498
1697994453383212672,1498
1697994453433314080,1498
1697994453484027168,1496
1697994453533260000,1497
1697994453597484448,1498
1697994453646480736,1498
1697994453693511968,1498
1697994453745686144,1322
1697994453795529280,1498
1697994453853328064,1498
1697994453903330080,1499
1697994453953345216,1499
1697994454003424960,1498
1697994454063172960,1501
1697994454113396288,1498
1697994454167745600,1498
1697994454216368416,1498
1697994454263323904,1500
1697994454323384064,1498
1697994454373666336,1499
1697994454423586208,1498
1697994454473260800,1497
1697994454527142272,1226
1697994454583444192,1497
1697994454634829888,1498
1697994454683286208,1498
1697994454733244768,1498
1697994454783183840,1498
1697994454838774016,1498
1697994454893456832,1498
1697994454943683936,1498
1697994454996157376,1498
1697994455054405632,1500
1697994455103545376,1498
1697994455153659200,1498
1697994455203412064,1498
1697994455254167456,1498
1697994455314236288,1498
1697994455364149664,1498
1697994455413583680,1498
1697994455463443776,1496
1697994455514921280,1498
1697994455573565632,1498
1697994455623931584,1498
1697994455673286080,1498
1697994455724448576,1298
1697994455774459744,1499
1697994455834055296,1498
1697994455883293664,1498
1697994455934249216,1495
1697994455983362464,1499
1697994456038921248,1499
1697994456093207456,1498
1697994456143745440,1499
1697994456193553472,1498
1697994456243602144,1498
1697994456304837920,1499
1697994456353745568,1497
1697994456407916544,1498
1697994456453266528,1498
1697994456503838208,1221
1697994456563415712,1497
1697994456613337184,1498
1697994456663274496,1498
1697994456714714176,1498
1697994456764408320,1499
1697994456823330080,1496
1697994456873466464,1498
1697994456927315616,1498
1697994456977821120,1498
1697994457024333920,1498
1697994457083235392,1498
1697994457136624960,1498
1697994457183843136,1498
1697994457233508000,1497
1697994457284156768,1498
1697994457344072352,1497
1697994457394314592,1498
1697994457444715712,1498
1697994457493384896,1498
1697994457554663776,1498
1697994457603342976,1498
1697994457655593088,1499
1697994457703457856,1338
1697994457753312864,1496
1697994457807711232,1499
1697994457863147040,1498
1697994457913249760,1497
1697994457963331392,1498
1697994458013520064,1499
1697994458073425056,1498
1697994458123363328,1498
1697994458180145408,1498
1697994458223348704,1498
1697994458276665568,1498
1697994458333401696,1498
1697994458383906496,1500
1697994458433225888,1498
1697994458483643840,1499
1697994458533764096,1498
1697994458599945280,1497
1697994458647968256,1497
1697994458694756448,1498
1697994458744708480,1499
1697994458803807616,1499
1697994458853639776,1498
1697994458904116576,1498
1697994458953757088,1498
1697994459003858368,1498
1697994459063649216,1498
1697994459113780320,1498
1697994459169371104,1496
1697994459213600000,1498
1697994459266054464,1498
1697994459323267520,1498
1697994459373504992,1498
1697994459423694304,1498
1697994459476206016,1498
1697994459524749952,1499
1697994459583312064,1497
1697994459633358016,1498
1697994459683258720,1380
1697994459733258048,1498
1697994459786804064,1500
1697994459843610912,1498
1697994459893456800,1498
1697994459943914464,1498
1697994459993683968,1498
1697994460054264864,1498
1697994460103856032,1498
1697994460153374720,1498
1697994460203468000,1498
1697994460253318848,1498
1697994460317330208,1499
1697994460365689792,1498
1697994460414314848,1498
1697994460463344544,1171
1697994460513169568,1497
1697994460568967104,1498
1697994460623158816,1497
1697994460673494048,1498
1697994460724883424,1500
1697994460773897952,1498
1697994460834353056,1499
1697994460883589984,1498
1697994460933249408,1498
1697994460983579968,1497
1697994461033683264,1497
1697994461095800256,1498
1697994461146492352,1500
1697994461193466432,1498
1697994461244830528,1498
1697994461303573088,1498
1697994461353420096,1498
1697994461403579232,1498
1697994461457022176,1498
1697994461503298944,1498
1697994461563267872,1497
1697994461613652064,1498
1697994461666855040,1386
1697994461713758176,1498
1697994461763746336,1499
1697994461824146624,1498
1697994461876207360,1499
1697994461923229664,1497
1697994461973592640,1498
1697994462023810816,1498
1697994462083808288,1498
1697994462133218368,1499
1697994462183311040,1498
1697994462233321760,1498
1697994462283210080,1497
1697994462343396032,1498
1697994462400027296,1499
1697994462443729568,1161
1697994462493595712,1498
1697994462556284608,1499
1697994462603883552,1498
1697994462653726816,1497
1697994462703170688,1495
1697994462753873792,1499
1697994462814326496,1499
1697994462864172064,1498
1697994462918022720,1498
1697994462963736800,1498
1697994463015406368,1498
1697994463073302848,1498
1697994463123212736,1498
1697994463173524064,1498
1697994463228399968,1497
1697994463273972800,1498
1697994463333266848,1498
1697994463383730912,1499
1697994463438545088,1500
1697994463483460736,1498
1697994463533309984,1498
1697994463593244064,1498
1697994463643598912,1395
1697994463693279712,1498
1697994463743324256,1498
1697994463803600064,1497
1697994463854411456,1499
1697994463903249856,1498
1697994463953277440,1498
1697994464004035712,1498
1697994464063396000,1497
1697994464113730688,1498
1697994464163146784,1498
1697994464213672768,1498
1697994464263561312,1498
1697994464323266080,1498
1697994464373857888,1500
1697994464424290592,1496
1697994464474130336,1498
1697994464523903680,1368
1697994464583132320,1499
1697994464633312544,1496
1697994464683985472,1498
1697994464734130688,1500
1697994464783591456,1498
1697994464843679776,1498
1697994464893611104,1498
1697994464943224832,1888
1697994464993653120,1498
1697994465058504384,1498
1697994465104006880,1498
1697994465156475360,1498
1697994465203185440,1498
1697994465254118496,1498
1697994465313781824,1497
1697994465363762208,1499
1697994465414668704,1498
1697994465464449408,1498
1697994465514047200,1498
1697994465574245280,1498
1697994465623232576,1497
1697994465673874176,1498
1697994465723754080,1498
1697994465773953280,1497
1697994465833380608,1498
1697994465884097824,1498
1697994465937957248,1498
1697994465984554112,1500
1697994466033992032,1498
1697994466094260928,1498
1697994466143323392,1497
1697994466196153536,1499
1697994466243877888,1498
1697994466303273184,1498
1697994466354423424,1498
1697994466403195712,1179
1697994466453398720,1498
1697994466507547104,1375
1697994466566421984,1498
1697994466614977056,1498
1697994466666562400,1498
1697994466713212864,1498
1697994466764461792,1495
1697994466825151328,1498
1697994466873277152,1498
1697994466925768480,1498
1697994466973218368,1498
1697994467027342848,1498
1697994467083145088,1499
1697994467133481344,1499
1697994467183264704,1499
1697994467233281440,1498
1697994467283398464,1498
1697994467344130304,1498
1697994467393476864,1497
1697994467444408000,1500
1697994467494042016,1497
1697994467554290656,1498
1697994467603696032,1498
1697994467653511392,1498
1697994467703956064,1499
1697994467754115584,1496
1697994467816215520,1498
1697994467863767040,1499
1697994467913766688,1498
1697994467963169152,1499
1697994468014642368,1498
1697994468074503264,1500
1697994468123319712,1498
1697994468174412704,1498
1697994468223592832,1497
1697994468277058720,1498
1697994468333264864,1498
1697994468383193056,1496
1697994468433236288,1498
1697994468484545216,1498
1697994468533257344,1497
1697994468594297024,1498
1697994468643169728,1498
1697994468693931872,1498
1697994468746157504,1498
1697994468805715744,1497
1697994468856146016,1499
1697994468903248256,1498
1697994468953599456,1499
1697994469003241888,1498
1697994469066870208,1498
1697994469113879840,1500
1697994469167041312,1498
1697994469213488512,1499
1697994469264091552,1165
1697994469323718784,1498
1697994469373899200,1498
1697994469424426080,1497
1697994469473587872,1498
1697994469526719488,1498
1697994469583483840,1500
1697994469633186944,1497
1697994469683298656,1498
1697994469733689312,1497
1697994469783229696,1497
1697994469843787456,1498
1697994469894739232,1499
1697994469943229568,1498
1697994469993828576,1500
1697994470053317440,1498
1697994470103403584,1498
1697994470153305184,1498
1697994470203624416,1498
1697994470253305056,1498
1697994470313713888,1502
1697994470363616192,1498
1697994470413260320,1497
1697994470463370112,1362
1697994470514928768,1498
1697994470573959520,1499
1697994470623236416,1498
1697994470675018688,1497
1697994470723250400,1497
1697994470773376288,1498
1697994470833432352,1498
1697994470885017632,1498
1697994470933534752,1500
1697994470983187936,1498
1697994471034106528,1498
1697994471093723136,1499
1697994471147989344,1498
1697994471193238400,1498
1697994471248942624,1095
1697994471296347392,1498
1697994471353317760,1498
1697994471403259360,1498
1697994471453608736,1498
1697994471506158240,1498
1697994471563303424,1497
1697994471613749152,1498
1697994471663603648,1498
1697994471713911712,1494
1697994471763638048,1498
1697994471825077760,1498
1697994471874959520,1497
1697994471923645280,1498
1697994471976453984,1498
1697994472023175872,1498
1697994472083335232,1500
1697994472136749952,1497
1697994472183647136,1499
1697994472233266080,1498
1697994472283624960,1498
1697994472344159360,1498
1697994472393300480,1498
1697994472443208992,1498
1697994472493611136,1498
1697994472553519328,1498
1697994472603292832,1497
1697994472653558432,1498
1697994472703197216,1498
1697994472756616608,1498
1697994472813257120,1498
1697994472863219360,1498
1697994472913250080,1499
1697994472964357664,1498
1697994473013776832,1498
1697994473077740480,1498
1697994473127908288,1498
1697994473173418656,1498
1697994473223710944,1497
1697994473273650400,1498
1697994473333303456,1498
1697994473383764928,1498
1697994473433578752,1498
1697994473483249696,1498
1697994473533321184,1498
1697994473596742272,1498
1697994473643618944,1497
1697994473693961536,1498
1697994473743704608,1498
1697994473803321696,1498
1697994473853223392,1498
1697994473903657120,1498
1697994473954016640,1498
1697994474003731136,1499
1697994474063553120,1499
1697994474113669088,1498
1697994474163203936,1498
1697994474213337024,1498
1697994474263560736,1498
1697994474323198528,1499
1697994474374095744,1498
1697994474423228480,1475
1697994474473773664,1497
1697994474523244928,1498
1697994474583150528,1498
1697994474633320576,1498
1697994474683844320,1498
1697994474734327328,1498
1697994474783245440,1499
1697994474843883680,1498
1697994474893611744,1498
1697994474943306752,1497
1697994474993718080,1503
1697994475053358944,1499
1697994475103599616,1498
1697994475154345632,1498
1697994475203846336,1109
1697994475253835072,1495
1697994475314691712,1498
1697994475363682016,1497
1697994475414152640,1498
1697994475463990304,1498
1697994475513329952,1498
1697994475573276128,1496
1697994475625200288,1496
1697994475673260320,1500
1697994475723280896,1498
1697994475774806176,1498
1697994475833162080,1497
1697994475883585792,1498
1697994475934280352,1498
1697994475985628256,1497
1697994476034107200,1498
1697994476094544704,1498
1697994476143982784,1498
1697994476193947808,1498
1697994476244083584,1496
1697994476304044256,1498
1697994476353616832,1497
1697994476404268608,1355
1697994476453478240,1498
1697994476503374464,1498
1697994476563818368,1498
1697994476613391936,1499
1697994476664344384,1498
1697994476713897312,1498
1697994476763179648,1498
1697994476823717632,1498
1697994476873908608,1498
1697994476923665152,1500
1697994476973367616,1496
1697994477023658816,1498
1697994477083581568,1496
1697994477134078944,1502
1697994477183628864,1498
1697994477233221024,1498
1697994477283937600,1488
1697994477343444768,1498
1697994477393416224,1499
1697994477443346496,1498
1697994477494942112,1498
1697994477553284768,1499
1697994477603365696,1500
1697994477653935488,1498
1697994477706202656,1498
1697994477753469792,1498
1697994477813463552,1498
1697994477863630176,1498
1697994477913350688,1498
1697994477963288768,1499
1697994478017018784,1498
1697994478073552448,1498
1697994478123202240,1498
1697994478173452512,1499
1697994478223535808,1497
1697994478273755808,1498
1697994478338489312,1499
1697994478383336512,1498
1697994478434895552,1498
1697994478483798240,1498
1697994478533268096,1498
1697994478593248832,1497
1697994478648239232,1498
1697994478694442816,1498
1697994478746815968,1499
1697994478803266496,1498
1697994478853530720,1497
1697994478903243168,1498
1697994478956565440,1498
1697994479003251616,1498
1697994479065341632,1501
1697994479117855456,1498
1697994479164341472,1027
1697994479214371776,1498
1697994479263322208,1432
1697994479323249824,1498
1697994479374344800,1497
1697994479424048192,1498
1697994479474214272,1498
1697994479528612160,1498
1697994479584146528,1498
1697994479634151008,1498
1697994479683248576,1496
1697994479734106752,1498
1697994479783396288,1498
1697994479843718080,1498
1697994479894231264,1498
1697994479943388576,1498
1697994479993572736,1498
1697994480057049120,1498
1697994480103424896,1498
1697994480153228800,1498
1697994480203189568,1499
1697994480254117248,1497
1697994480313974144,1498
1697994480363627744,1498
1697994480413945312,1498
1697994480463271232,1498
1697994480514161024,1498
1697994480574038304,1498
1697994480625849056,1497
1697994480673973632,1496
1697994480723366336,1499
1697994480773647584,1498
1697994480833477280,1500
1697994480886380032,1498
1697994480937898752,1498
1697994480983521888,1498
1697994481033420000,1498
1697994481093445376,1497
1697994481144223360,1500
1697994481195350656,1498
1697994481247561600,1440
1697994481303441280,1498
1697994481353222432,1498
1697994481403325248,1496
1697994481453297024,1498
1697994481504559072,1499
1697994481563501632,1498
1697994481613789120,1498
1697994481666021824,1498
1697994481713415488,1498
1697994481763591328,1498
1697994481823265760,1498
1697994481873436224,1498
1697994481926310080,1498
1697994481977118944,1497
1697994482023616256,1497
1697994482083984768,1496
1697994482138885504,1498
1697994482183221728,1501
1697994482233513248,1498
1697994482283358144,1498
1697994482344712768,1498
1697994482394096928,1498
1697994482443282432,1501
1697994482493632672,1497
1697994482554442720,1498
1697994482603363680,1498
1697994482653961952,1498
1697994482703542848,1497
1697994482754501696,1498
1697994482813700864,1498
1697994482866529792,1498
1697994482913732256,1498
1697994482965602240,1498
1697994483013382720,1498
1697994483074408032,1498
1697994483125652064,1495
1697994483173777600,1498
1697994483223907808,1498
1697994483274888288,1498
1697994483333261120,1498
1697994483383274464,1497
1697994483433318240,1500
1697994483489021024,1498
1697994483533499200,1498
1697994483593251712,1498
1697994483646828000,1498
1697994483697664608,1497
1697994483745822976,1498
1697994483803353920,1498
1697994483854350976,1499
1697994483903756896,1498
1697994483957922144,1497
1697994484003279648,1498
1697994484067301536,1498
1697994484114560576,1498
1697994484163385152,1000
1697994484214671328,1498
1697994484264893216,1498
1697994484323163904,1498
1697994484373981920,1498
1697994484423930112,1497
1697994484478478528,1498
1697994484523583232,1498
1697994484586010432,1498
1697994484633511168,1498
1697994484684271520,1495
1697994484733491264,1498
1697994484783348448,1498
1697994484843863872,1497
1697994484894037504,1498
1697994484943199424,1494
1697994484993624096,1498
1697994485053594240,1500
1697994485104138048,1498
1697994485157509760,1497
1697994485203911904,1491
1697994485253414400,1498
1697994485315934144,1497
1697994485363166112,1498
1697994485415783936,1498
1697994485463280928,1492
1697994485513701920,1497
1697994485573373120,1498
1697994485623179008,1498
1697994485674860064,1498
1697994485725054912,1498
1697994485773536960,1498
1697994485833746944,1498
1697994485883912960,1497
1697994485933724480,1499
1697994485983668448,1063
1697994486034024928,1498
1697994486094304544,1497
1697994486144529792,1007
1697994486197950432,1498
1697994486243404672,1498
1697994486303429856,1498
1697994486353235168,1498
1697994486406704416,1498
1697994486453319360,1498
1697994486504516384,1498
1697994486563694560,1498
1697994486619496800,1498
1697994486669177312,1498
1697994486714527168,1498
1697994486764078368,1498
1697994486823959136,1498
1697994486873920864,1498
1697994486923638432,1498
1697994486973902240,1498
1697994487024202112,1497
1697994487083510592,1498
1697994487134131968,1498
1697994487183329088,1497
1697994487233281024,1499
1697994487283272992,1498
1697994487344085920,1499
1697994487393685216,1501
1697994487443870176,1498
1697994487493304192,1500
1697994487553279232,1497
1697994487603207808,1498
1697994487653345632,1498
1697994487704236704,1498
1697994487753238368,1497
1697994487815198368,1498
1697994487863407968,1498
1697994487914028480,1498
1697994487963332992,1498
1697994488013948864,1498
1697994488077565920,1498
1697994488123573120,1498
1697994488176417600,1498
1697994488223239648,1498
1697994488273342496,1498
1697994488334869536,1498
1697994488384552864,1499
1697994488436573952,1497
1697994488483887872,1497
1697994488533977824,1498
1697994488593808928,1497
1697994488650114528,1498
1697994488693231264,1497
1697994488748442976,1498
1697994488805571488,1498
1697994488853290080,1498
1697994488906850016,1498
1697994488953255424,1498
1697994489005839488,1498
1697994489064092512,1494
1697994489113795232,1498
1697994489163270624,1498
1697994489214190272,1497
1697994489263491680,1499
1697994489324488064,1498
1697994489373875936,1498
1697994489423232352,1497
1697994489473212640,1498
1697994489523679840,1498
1697994489583647520,1498
1697994489633356864,1496
1697994489683215200,1498
1697994489733193344,1498
1697994489783718624,1498
1697994489843879392,1498
1697994489897183072,1498
1697994489943453056,1498
1697994489993612640,1499
1697994490053501536,1499
1697994490103349664,1498
1697994490154225504,1497
1697994490203187200,1498
1697994490253963552,1498
1697994490313336192,1498
1697994490363716832,1499
1697994490413334912,1498
1697994490467125472,1498
1697994490516482688,1498
1697994490573321600,1497
1697994490623670176,1497
1697994490674411552,1498
1697994490724141440,1498
1697994490777018016,1498
1697994490833250880,1498
1697994490883778880,1498
1697994490933490176,1497
1697994490983579552,1029
1697994491033192608,1498
1697994491094119424,1498
1697994491144090208,1499
1697994491193380000,1498
1697994491243174560,1501
1697994491303223840,1498
1697994491353626944,1498
1697994491403409376,1498
1697994491453761312,1498
1697994491504130080,1497
1697994491563978784,1498
1697994491613259488,1496
1697994491664146336,1498
1697994491713324352,1499
1697994491763318016,1494
1697994491823927232,1498
1697994491873677120,1498
1697994491923518176,1003
1697994491973312128,1498
1697994492023286688,1498
1697994492083292256,1498
