%time,field
1697994362704124928,1451
1697994362811240832,1451
1697994362811344896,1451
1697994362863275296,1451
1697994362914462368,1450
1697994362964381024,1449
1697994363013980928,1449
1697994363073210976,1450
1697994363123567680,1450
1697994363173633984,1450
1697994363223406464,1065
1697994363273228384,1447
1697994363333748736,1452
1697994363384193952,1446
1697994363433708320,1451
1697994363483246592,1451
1697994363533378944,1452
1697994363593403776,1451
1697994363645395232,1448
1697994363693236160,1448
1697994363743275712,1455
1697994363803204704,1453
1697994363854108736,1452
1697994363903346336,1450
1697994363953728416,1451
1697994364004596416,1276
1697994364064596608,1452
1697994364113266080,1455
1697994364163185312,1451
1697994364213374528,1449
1697994364263476544,1450
1697994364325621184,1456
1697994364373257536,1452
1697994364423895744,1459
1697994364473249312,1452
1697994364523293056,1452
1697994364587489952,1450
1697994364633268384,1452
1697994364683598016,1454
1697994364733928832,1454
1697994364783174304,1453
1697994364843863072,1449
1697994364899192576,1452
1697994364944216416,1453
1697994364993294560,1452
1697994365053467328,1449
1697994365103320832,1448
1697994365154303264,1448
1697994365203240192,1103
1697994365253524352,1447
1697994365313944096,1447
1697994365363855008,1447
1697994365413943424,1445
1697994365463991328,1455
1697994365513886048,1460
1697994365573685248,1460
1697994365624321344,1456
1697994365674034752,1454
1697994365723202528,1448
1697994365773554816,1451
1697994365836137152,1454
1697994365884156896,1459
1697994365933555296,1455
1697994365983731744,1300
1697994366034105152,1451
1697994366093352352,1450
1697994366146123648,1453
1697994366193363488,1452
1697994366243216960,1451
1697994366303347360,1451
1697994366353625920,1453
1697994366404425568,1450
1697994366453444864,1448
1697994366503450176,1448
1697994366566449952,1448
1697994366613883168,1447
1697994366663641216,1448
1697994366713457888,1447
1697994366763576000,1449
1697994366824114368,1450
1697994366873214048,1450
1697994366923186304,1452
1697994366973606112,1453
1697994367023370112,1452
1697994367083328736,1447
1697994367133348768,1428
1697994367183614784,1399
1697994367235931648,1390
1697994367283174208,1399
1697994367343394336,1393
1697994367393835936,1399
1697994367443343680,1427
1697994367493698720,1437
1697994367553680128,1447
1697994367603386912,1438
1697994367653606624,1439
1697994367703257440,1435
1697994367753591296,1419
1697994367813496864,1418
1697994367863914624,1413
1697994367913289344,1415
1697994367965795808,1330
1697994368013786080,1401
1697994368063521760,1387
1697994368123490560,1365
1697994368174371136,1357
1697994368223201280,1370
1697994368273885728,1367
1697994368335010720,1346
1697994368383202976,1337
1697994368433560608,1332
1697994368483429504,1339
1697994368540160928,1324
1697994368593227872,1316
1697994368643861632,1289
1697994368693662624,1276
1697994368743841216,1257
1697994368803993920,1239
1697994368856702560,1239
1697994368903220544,1244
1697994368954873792,1240
1697994369003493344,1066
1697994369063128640,1211
1697994369113428832,1192
1697994369163411872,1146
1697994369213135328,1146
1697994369263272640,1147
1697994369323352512,1146
1697994369373384896,1144
1697994369423298656,1145
1697994369473270528,1145
1697994369523452352,1146
1697994369575219168,1147
1697994369633716000,1145
1697994369683244800,1146
1697994369733522752,1144
1697994369783310592,1146
1697994369844486208,1146
1697994369893439904,1145
1697994369945086752,1146
1697994369996175712,1145
1697994370053375008,1146
1697994370103405984,1146
1697994370153473184,1146
1697994370203253472,1068
1697994370253502240,1145
1697994370313596704,1146
1697994370363775424,1146
1697994370413464864,1171
1697994370463301152,1199
1697994370513655168,1268
1697994370573194272,1372
1697994370624518496,1398
1697994370673171776,1417
1697994370727058080,1432
1697994370773455072,1445
1697994370834054592,1213
1697994370883276032,1450
1697994370934290336,1450
1697994370983848416,1450
1697994371034043136,1448
1697994371093302880,1449
1697994371144582560,1448
1697994371194661600,1450
1697994371243331072,1455
1697994371304155168,1466
1697994371353150912,1482
1697994371403455296,1498
1697994371453242432,1499
1697994371503241088,1488
1697994371564062496,1466
1697994371613403776,1459
1697994371663562400,1458
1697994371713233792,1450
1697994371763521472,1449
1697994371824364992,1447
1697994371873306560,1449
1697994371927146720,1451
1697994371974221184,1448
1697994372023447840,1136
1697994372083174752,1447
1697994372136143328,1447
1697994372183616960,1448
1697994372233442304,1447
1697994372283490336,1450
1697994372344220320,1451
1697994372393241600,1453
1697994372443297024,1450
1697994372493516352,1451
1697994372553483424,1453
1697994372606468128,1450
1697994372653641024,1456
1697994372703580640,1453
1697994372754457152,1455
1697994372806058976,1252
1697994372865950368,1453
1697994372913720192,1451
1697994372963233760,1452
1697994373013240000,1452
1697994373073218528,1452
1697994373123691104,1453
1697994373173771936,1454
1697994373223315456,1453
1697994373273390016,1453
1697994373333279328,1456
1697994373386643136,1454
1697994373435530400,1450
1697994373483676192,1451
1697994373533759840,1451
1697994373593373344,1454
1697994373643509984,1449
1697994373697195392,1456
1697994373743376416,1453
1697994373803212864,1453
1697994373854195840,1452
1697994373903544768,1453
1697994373955741408,1450
1697994374003175232,1185
1697994374064098624,1454
1697994374113299168,1456
1697994374164393056,1456
1697994374213227872,1450
1697994374267765088,1453
1697994374324393472,1449
1697994374373281024,1453
1697994374423288512,1451
1697994374474512000,1449
1697994374523659488,1451
1697994374583724544,1452
1697994374638954144,1455
1697994374683198752,1464
1697994374733431360,1454
1697994374783677664,1210
1697994374843272864,1444
1697994374894562432,1453
1697994374943274624,1454
1697994374995400192,1451
1697994375053964384,1452
1697994375104172992,1452
1697994375153286624,1456
1697994375206773280,1455
1697994375253570016,1454
1697994375313311072,1454
1697994375365547808,1455
1697994375413354560,1454
1697994375463252448,1453
1697994375513176672,1452
1697994375576652352,1452
1697994375623429120,1452
1697994375673454752,1452
1697994375723253952,1454
1697994375773589216,1453
1697994375833221088,1453
1697994375883313120,1453
1697994375933615360,1452
1697994375984412992,1161
1697994376033734528,1456
1697994376094053376,1454
1697994376143202720,1455
1697994376194019776,1455
1697994376243893632,1453
1697994376303517280,1451
1697994376353156128,1451
1697994376408174176,1454
1697994376453996448,1453
1697994376505824512,1455
1697994376563132992,1448
1697994376615828480,1433
1697994376663724128,1426
1697994376714042240,1428
1697994376763595040,1241
1697994376816954944,1430
1697994376874295584,1429
1697994376925194880,1421
1697994376973662304,1429
1697994377023250368,1432
1697994377084037216,1464
1697994377133218752,1442
1697994377183612096,1451
1697994377233439808,1452
1697994377284341056,1452
1697994377343353056,1451
1697994377393324512,1452
1697994377443997632,1450
1697994377494039424,1450
1697994377545956224,1451
1697994377603261632,1446
1697994377656029152,1447
1697994377703721024,1449
1697994377753661696,1449
1697994377814408320,1455
1697994377864933600,1456
1697994377914076128,1458
1697994377963223392,1254
1697994378014699008,1454
1697994378073969440,1449
1697994378123422528,1448
1697994378173596000,1448
1697994378223638944,1444
1697994378274476448,1446
1697994378333187712,1432
1697994378385828512,1429
1697994378435538528,1428
1697994378483262976,1422
1697994378535639840,1424
1697994378593325056,1421
1697994378643665248,1406
1697994378693266304,1386
1697994378743267392,1286
1697994378803151744,1376
1697994378853925088,1379
1697994378903632064,1372
1697994378953699552,1347
1697994379003266048,1327
1697994379063204800,1336
1697994379113465024,1346
1697994379163340000,1354
1697994379213646976,1354
1697994379263215008,1332
1697994379323305632,1324
1697994379374793536,1329
1697994379423648992,1330
1697994379475010880,1329
1697994379523197408,1321
1697994379588128160,1319
1697994379633785120,1300
1697994379685937344,1292
1697994379733661600,1297
1697994379783816960,1297
1697994379843952160,1294
1697994379893420288,1303
1697994379944037088,1318
1697994379993541312,1314
1697994380053466688,1297
1697994380103231648,1275
1697994380155748672,1280
1697994380203523168,1277
1697994380253540096,1260
1697994380314839968,1245
1697994380364440960,1220
1697994380413219584,1232
1697994380463614400,1236
1697994380513219616,1238
1697994380573254528,1251
1697994380623203648,1255
1697994380674193888,1263
1697994380724021696,1252
1697994380773563040,1264
1697994380833725088,1298
1697994380884079456,1288
1697994380933223104,1303
1697994380988103040,1294
1697994381034296512,1271
1697994381084508864,1274
1697994381143687776,1274
1697994381193246304,1245
1697994381244985504,1248
1697994381303637248,1237
1697994381353282656,1230
1697994381406219488,1231
1697994381453159072,1237
1697994381503623296,1248
1697994381563298784,1226
1697994381615853760,1213
1697994381667041824,1221
1697994381713530400,1247
1697994381763364384,1294
1697994381823912032,1346
1697994381873465536,1352
1697994381926177152,1357
1697994381973913216,1370
1697994382023623040,1387
1697994382083971360,1393
1697994382133419648,1396
1697994382183438528,1384
1697994382233648800,1378
1697994382284095712,1369
1697994382343225056,1375
1697994382393335168,1384
1697994382443416256,1388
1697994382493348992,1396
1697994382554410496,1402
1697994382603499904,1419
1697994382653340896,1426
1697994382704227104,1211
1697994382756500640,1433
1697994382818500224,1436
1697994382863973312,1433
1697994382914333760,1433
1697994382963494720,1438
1697994383013518016,1441
1697994383075503232,1450
1697994383123402016,1450
1697994383176100992,1446
1697994383223276416,1450
1697994383274777280,1449
1697994383333573536,1449
1697994383384573344,1452
1697994383433472192,1446
1697994383484016800,1445
1697994383533921632,1446
1697994383593179200,1218
1697994383643584384,1446
1697994383694175296,1444
1697994383743409184,1445
1697994383803900384,1444
1697994383853398752,1442
1697994383905519392,1443
1697994383953374720,1442
1697994384009576128,1442
1697994384063201184,1442
1697994384113283456,1440
1697994384163378848,1441
1697994384213258304,1438
1697994384263382016,1438
1697994384327204416,1439
1697994384373471040,1437
1697994384423294592,1436
1697994384474091392,1434
1697994384523187552,1434
1697994384583172064,1438
1697994384634681600,1436
1697994384683478464,1432
1697994384734890976,1427
1697994384784306752,1214
1697994384844699104,1440
1697994384895116704,1438
1697994384943817888,1438
1697994384993899840,1436
1697994385054405216,1435
1697994385104108224,1435
1697994385153551392,1434
1697994385203961152,1438
1697994385253332096,1434
1697994385313275648,1428
1697994385363294208,1433
1697994385413548288,1434
1697994385464094880,1440
1697994385513522656,1438
1697994385573788736,1175
1697994385624481920,1442
1697994385675759488,1438
1697994385723542048,1436
1697994385773193664,1427
1697994385834245952,1424
1697994385883123488,1416
1697994385933431872,1408
1697994385983108736,1396
1697994386034204032,1370
1697994386083701440,1363
1697994386143214464,1327
1697994386194230368,1311
1697994386243223936,1320
1697994386303689120,1348
1697994386358543200,1356
1697994386403677120,1361
1697994386457296224,1343
1697994386503478976,1333
1697994386564052416,1324
1697994386615517952,1321
1697994386663972672,1301
1697994386713753600,1300
1697994386763245856,1307
1697994386823407680,1303
1697994386873757888,1301
1697994386923370848,1292
1697994386973203904,1274
1697994387025538784,1266
1697994387084922784,1269
1697994387133868576,1268
1697994387183590816,1296
1697994387234175744,1315
1697994387286725888,1324
1697994387343696576,1348
1697994387393746240,1360
1697994387443248992,1365
1697994387493753344,1377
1697994387553447744,1164
1697994387603655424,1372
1697994387653613344,1377
1697994387710010368,1382
1697994387753209984,1367
1697994387813364320,1360
1697994387863419296,1355
1697994387914360512,1360
1697994387967042784,1361
1697994388013411040,1367
1697994388074125088,1372
1697994388124573792,1369
1697994388173289408,1373
1697994388223587968,1376
1697994388274009088,1370
1697994388333292224,1375
1697994388383573312,1376
1697994388433457984,1382
1697994388484068832,1389
1697994388533226304,1386
1697994388594108864,1359
1697994388643253088,1320
1697994388695994400,1281
1697994388744100800,1287
1697994388807384960,1315
1697994388853232768,1348
1697994388903775648,1365
1697994388953332896,1365
1697994389003453568,1365
1697994389063212704,1336
1697994389113259200,1322
1697994389165964512,1304
1697994389213730112,1294
1697994389263552224,1293
1697994389329788480,1295
1697994389373291776,1309
1697994389423184640,1346
1697994389476125184,1347
1697994389523338144,1255
1697994389584267104,1345
1697994389633677408,1366
1697994389683119904,1362
1697994389734023712,1355
1697994389783430368,1337
1697994389843251872,1339
1697994389893797920,1354
1697994389947297248,1355
1697994389993847808,1369
1697994390053363008,1356
1697994390103639552,1341
1697994390153988032,1332
1697994390204245344,1325
1697994390255372544,1344
1697994390313930080,1362
1697994390363163552,1385
1697994390413670048,1412
1697994390463217920,1413
1697994390513642560,1413
1697994390573452960,1414
1697994390623251392,1410
1697994390673301824,1413
1697994390723216832,1176
1697994390773414720,1412
1697994390833731264,1417
1697994390883292640,1423
1697994390934292576,1434
1697994390984003680,1442
1697994391034012096,1460
1697994391093936416,1474
1697994391143525920,1491
1697994391194277024,1484
1697994391245929280,1511
1697994391304173344,1502
1697994391353172544,1476
1697994391403219776,1444
1697994391454422240,1443
1697994391504577216,1151
1697994391563415200,1443
1697994391614138368,1444
1697994391663177952,1443
1697994391713742976,1445
1697994391763658880,1446
1697994391832521696,1446
1697994391873496992,1446
1697994391923637792,1446
1697994391973212320,1457
1697994392023242144,1464
1697994392083611520,1464
1697994392133542944,1467
1697994392183299264,1458
1697994392233208032,1455
1697994392283932736,1444
1697994392343362432,1448
1697994392395899200,1446
1697994392443836928,1446
1697994392502479008,1448
1697994392553581312,1448
1697994392604035456,1448
1697994392654383840,1450
1697994392703186176,1298
1697994392753460576,1453
1697994392813730752,1450
1697994392864929152,1451
1697994392913349920,1452
1697994392964096128,1452
1697994393014021856,1455
1697994393074351552,1450
1697994393123283744,1445
1697994393173465312,1451
1697994393223209152,1448
1697994393273245856,1455
1697994393336018816,1449
1697994393383185248,1440
1697994393433346976,1433
1697994393483269440,1097
1697994393533622016,1425
1697994393593266048,1419
1697994393643218272,1407
1697994393694185376,1380
1697994393743794048,1357
1697994393803236352,1335
1697994393853303424,1330
1697994393906088576,1312
1697994393953508096,1277
1697994394004252448,1267
1697994394063366336,1241
1697994394113411456,1246
1697994394163238528,1269
1697994394213593056,1283
1697994394263743424,1281
1697994394324674432,1309
1697994394373798496,1376
1697994394423714240,1409
1697994394477454752,1405
1697994394523352480,1399
1697994394583354880,1383
1697994394635497248,1351
1697994394683331936,1328
1697994394733152384,1322
1697994394783438944,1312
1697994394843814976,1291
1697994394893292704,1280
1697994394943271776,1283
1697994394993222432,1285
1697994395053364384,1329
1697994395103206912,1410
1697994395153274304,1414
1697994395203565664,1409
1697994395254989408,1397
1697994395314105632,1380
1697994395363710560,1346
1697994395413322592,1344
1697994395463615616,1250
1697994395517048640,1304
1697994395574778624,1287
1697994395623827040,1253
1697994395673258368,1246
1697994395723747008,1252
1697994395773741952,1277
1697994395833397536,1329
1697994395883645056,1333
1697994395934206624,1330
1697994395983136896,1320
1697994396033374048,1298
1697994396093523744,1284
1697994396143304480,1253
1697994396194236384,1259
1697994396243727616,1293
1697994396304073120,1287
1697994396358452928,1286
1697994396403201664,1286
1697994396453729184,1301
1697994396503127424,1298
1697994396563805120,1334
1697994396613978176,1369
1697994396663468448,1380
1697994396713698688,1381
1697994396763212096,1342
1697994396823169856,1308
1697994396873243136,1304
1697994396923322400,1317
1697994396973279488,1336
1697994397023769632,1358
1697994397084175712,1361
1697994397134459776,1378
1697994397184140512,1392
1697994397233891392,1386
1697994397284875520,1369
1697994397344447392,1361
1697994397393430848,1351
1697994397443186336,1361
1697994397494781184,1408
1697994397553340992,1415
1697994397603347456,1424
1697994397653269984,1432
1697994397706924160,1436
1697994397754153696,1436
1697994397813396832,1414
1697994397863648032,1401
1697994397913271296,1383
1697994397963200640,1381
1697994398013166560,1392
1697994398064858784,1412
1697994398124033152,1411
1697994398174043424,1412
1697994398224394176,1419
1697994398275067168,1418
1697994398333219072,1095
1697994398383178848,1414
1697994398433677664,1413
1697994398485231904,1421
1697994398533937152,1432
1697994398584844672,1442
1697994398643208992,1448
1697994398693243552,1449
1697994398746231104,1449
1697994398803405440,1448
1697994398853460224,1448
1697994398903809888,1447
1697994398953549568,1448
1697994399003732384,1446
1697994399063522624,1447
1697994399113573184,1445
1697994399164065184,1442
1697994399218690208,1445
1697994399263478656,1445
1697994399323920800,1441
1697994399377893024,1442
1697994399423195328,1443
1697994399473939776,1463
1697994399523833280,1399
1697994399583180160,1510
1697994399633847584,1516
1697994399684579648,1509
1697994399733329120,1489
1697994399786182432,1468
1697994399834862304,1455
1697994399893446752,1446
1697994399948335008,1449
1697994399993246880,1444
1697994400053449536,1446
1697994400103699776,1446
1697994400157713120,1446
1697994400203157824,1446
1697994400254088288,1444
1697994400318527616,1077
1697994400363203264,1447
1697994400414013696,1450
1697994400463412608,1445
1697994400513857120,1444
1697994400574071712,1446
1697994400623823584,1445
1697994400674197440,1444
1697994400723353664,1445
1697994400773421344,1439
1697994400834330592,1453
1697994400883357952,1444
1697994400934775136,1449
1697994400983700672,1437
1697994401033689696,1444
1697994401094217408,1441
1697994401144519616,1438
1697994401193243648,1427
1697994401243200064,1406
1697994401303389792,1398
1697994401353508032,1385
1697994401405725408,1389
1697994401454057184,1373
1697994401505912448,1207
1697994401564779712,1392
1697994401613706272,1416
1697994401664114048,1406
1697994401713921632,1400
1697994401763447264,1394
1697994401823442720,1389
1697994401879074368,1391
1697994401927471456,1396
1697994401973411616,1383
1697994402023728576,1368
1697994402083081216,1369
1697994402133434080,1357
1697994402183560448,1348
1697994402233383424,1342
1697994402283340320,1283
1697994402344497536,1307
1697994402393857152,1297
1697994402446802336,1296
1697994402493210304,1269
1697994402554882304,1271
1697994402603440928,1275
1697994402653562848,1278
1697994402703174272,1285
1697994402753868032,1275
1697994402813221280,1269
1697994402863410784,1260
1697994402914155424,1256
1697994402964317856,1260
1697994403014584032,1257
1697994403063960192,1256
1697994403123390880,1268
1697994403173851328,1274
1697994403223503584,1271
1697994403276116704,1262
1697994403333712256,1252
1697994403383188288,1250
1697994403434705248,1249
1697994403483154336,1242
1697994403533524672,1207
1697994403598997184,1158
1697994403643227136,1173
1697994403694337120,1198
1697994403743314304,1234
1697994403803249984,1319
1697994403856438944,1314
1697994403903215744,1302
1697994403953782912,1320
1697994404004237024,1342
1697994404064265728,1375
1697994404114195552,1389
1697994404163996672,1389
1697994404213251808,1388
1697994404263473024,1088
1697994404316889056,1396
1697994404374012192,1396
1697994404423509280,1395
1697994404474565344,1396
1697994404523832128,1392
1697994404583615840,1396
1697994404633343680,1394
1697994404688310016,1396
1697994404733816736,1396
1697994404783220928,1394
1697994404843585952,1397
1697994404893220000,1400
1697994404945827456,1397
1697994404994104992,1397
1697994405054411680,1391
1697994405103975456,1408
1697994405153422720,1394
1697994405203730304,1394
1697994405253618912,1398
1697994405314034848,1397
1697994405363473056,1390
1697994405413323104,1397
1697994405463287904,1296
1697994405513236416,1393
1697994405573535968,1398
1697994405623543904,1392
1697994405674429760,1397
1697994405723170016,1421
1697994405774569568,1428
1697994405827727904,1431
1697994405883201184,1446
1697994405933487392,1441
1697994405983349536,1437
1697994406033810784,1440
1697994406085589152,1438
1697994406143158816,1439
1697994406193944768,1444
1697994406243717280,1126
1697994406303234176,1436
1697994406353168032,1438
1697994406403350336,1440
1697994406453349280,1437
1697994406504133568,1444
1697994406563149792,1444
1697994406613710400,1446
1697994406663199200,1458
1697994406713502752,1447
1697994406764624608,1444
1697994406830426784,1448
1697994406873173856,1450
1697994406924046944,1452
1697994406973545216,1456
1697994407024037824,1464
1697994407087227968,1459
1697994407133938752,1463
1697994407184105632,1457
1697994407233353184,1453
1697994407283409248,1454
1697994407343905632,1453
1697994407400037664,1453
1697994407443257280,1394
1697994407493573440,1450
1697994407553345728,1450
1697994407603974496,1429
1697994407655738112,1439
1697994407703676352,1433
1697994407753693312,1436
1697994407814241280,1435
1697994407869780832,1433
1697994407913704864,1430
1697994407963715712,1430
1697994408013197248,1429
1697994408073967616,1427
1697994408124581248,1422
1697994408173285056,1418
1697994408227177408,1080
1697994408273139680,1414
1697994408334772032,1413
1697994408383414176,1418
1697994408433548256,1420
1697994408483250560,1418
1697994408533713856,1418
1697994408593787616,1418
1697994408643290464,1417
1697994408695569888,1407
1697994408743938944,1405
1697994408803560064,1405
1697994408853658752,1406
1697994408903449024,1406
1697994408953334560,1405
1697994409003370784,1405
1697994409063438528,1399
1697994409113749088,1395
1697994409164119200,1389
1697994409215631392,1395
1697994409263314400,1401
1697994409328104672,1400
1697994409373399776,1398
1697994409424008224,1380
1697994409473528032,1382
1697994409524373376,1356
1697994409583195872,1346
1697994409633753632,1329
1697994409683697280,1329
1697994409733186752,1306
1697994409783534656,1295
1697994409843312384,1268
1697994409893222656,1248
1697994409943190272,1229
1697994409993209312,1217
1697994410053437408,1258
1697994410104146592,1257
1697994410153673472,1259
1697994410203242176,1209
1697994410253774976,1283
1697994410313430048,1286
1697994410366762592,1285
1697994410413289280,1305
1697994410463138176,1314
1697994410513739392,1313
1697994410574140896,1307
1697994410624100384,1304
1697994410674167488,1302
1697994410724566592,1303
1697994410773269280,1302
1697994410838213440,1303
1697994410883384128,1300
1697994410933309952,1294
1697994410987094112,1277
1697994411033229856,1282
1697994411093400832,1185
1697994411144124320,1266
1697994411193319904,1241
1697994411243184384,1239
1697994411306572352,1215
1697994411353331456,1212
1697994411403291776,1214
1697994411453215648,1227
1697994411503826016,1283
1697994411564284928,1298
1697994411613399584,1277
1697994411663867904,1213
1697994411713208512,1220
1697994411763333280,1214
1697994411823345920,1210
1697994411874116064,1230
1697994411923141728,1268
1697994411973224960,1278
1697994412023781184,1283
1697994412083780320,1302
1697994412134212352,1319
1697994412183589280,1334
1697994412234850240,1331
1697994412283208608,1178
1697994412343196832,1332
1697994412393536480,1284
1697994412443918816,1241
1697994412493620256,1234
1697994412561042624,1254
1697994412603736768,1266
1697994412653599360,1255
1697994412703452864,1250
1697994412753546432,1284
1697994412813213504,1319
1697994412863738080,1313
1697994412915973568,1326
1697994412963640064,1329
1697994413013316096,1336
1697994413073683520,1121
1697994413124555840,1367
1697994413173360320,1374
1697994413223290400,1388
1697994413273210016,1404
1697994413334218528,1411
1697994413383172352,1412
1697994413433732000,1416
1697994413483468640,1439
1697994413533594176,1453
1697994413593552032,1451
1697994413643201440,1450
1697994413693329984,1453
1697994413744277952,1451
1697994413805909984,1450
1697994413853222784,1448
1697994413903196800,1450
1697994413953563040,1450
1697994414004488064,1452
1697994414063256896,1451
1697994414113913472,1452
1697994414166791808,1452
1697994414216468864,1452
1697994414263617984,1452
1697994414323263776,1451
1697994414374161952,1449
1697994414423693472,1448
1697994414474229568,1447
1697994414523148352,1445
1697994414583977792,1444
1697994414634570976,1443
1697994414683484672,1442
1697994414733894720,1442
1697994414783261344,1440
1697994414836620544,1437
1697994414893551104,1442
1697994414944411072,1440
1697994414993475648,1440
1697994415053894048,1438
1697994415103957696,1440
1697994415153295872,1440
1697994415203083424,1439
1697994415254515136,1438
1697994415313310528,1440
1697994415363319552,1438
1697994415413655520,1439
1697994415467512192,1441
1697994415513258432,1436
1697994415573752160,1439
1697994415623503552,1435
1697994415675877440,1435
1697994415724324928,1436
1697994415773380192,1434
1697994415833309696,1435
1697994415883543328,1439
1697994415934729888,1439
1697994415983288704,1442
1697994416034194336,1440
1697994416094176704,1436
1697994416143988288,1436
1697994416194288960,1437
1697994416243171072,1439
1697994416303348320,1438
1697994416356516032,1438
1697994416403361536,1435
1697994416453710592,1436
1697994416503330496,1437
1697994416565885728,1434
1697994416613621792,1436
1697994416663207776,1437
1697994416713599648,1434
1697994416763339488,1433
1697994416823125632,1434
1697994416873326304,1435
1697994416926805856,1438
1697994416973872224,1437
1697994417027993984,1436
1697994417083216704,1435
1697994417133317088,1435
1697994417183381632,1436
1697994417233222624,1436
1697994417284370240,1435
1697994417347551104,1434
1697994417393323424,1432
1697994417443470880,1439
1697994417493350880,1438
1697994417553200288,1438
1697994417603625376,1438
1697994417653923424,1439
1697994417703641952,1442
1697994417753682144,1436
1697994417814209408,1438
1697994417863324160,1436
1697994417913513376,1436
1697994417963745376,1436
1697994418013730560,1430
1697994418073333824,1432
1697994418123190400,1435
1697994418174531328,1440
1697994418223215008,1435
1697994418274367168,1438
1697994418334122720,1440
1697994418383213024,1446
1697994418433189408,1438
1697994418483226624,1431
1697994418536157920,1427
1697994418593657856,1422
1697994418646005408,1399
1697994418693426336,1389
1697994418743447136,1381
1697994418804013664,1369
1697994418853189088,1363
1697994418903560768,1348
1697994418953757440,1343
1697994419003406400,1093
1697994419057385632,1338
1697994419113287008,1330
1697994419163592192,1321
1697994419213443296,1293
1697994419263815904,1284
1697994419323079008,1250
1697994419373172992,1219
1697994419423520800,1200
1697994419474406208,1206
1697994419525307360,1209
1697994419583679360,1213
1697994419633379360,1241
1697994419683611968,1235
1697994419733776864,1264
1697994419783721728,1260
1697994419844181184,1259
1697994419894890080,1322
1697994419944219648,1341
1697994419993696192,1331
1697994420055692000,1332
1697994420103470688,1318
1697994420154240448,1302
1697994420205315040,1140
1697994420253301056,1305
1697994420313956800,1349
1697994420363291680,1393
1697994420413808288,1428
1697994420463797248,1426
1697994420513716512,1421
1697994420574351744,1401
1697994420623531296,1394
1697994420673610752,1417
1697994420724239616,1423
1697994420773516256,1409
1697994420833440512,1385
1697994420883520736,1380
1697994420933256032,1383
1697994420983689056,1014
1697994421033317504,1370
1697994421093573632,1345
1697994421143712320,1323
1697994421194112064,1319
1697994421243804608,1300
1697994421303230720,1287
1697994421353190496,1295
1697994421403294272,1280
1697994421453780736,1242
1697994421503692576,1246
1697994421563298560,1268
1697994421615013600,1335
1697994421663342720,1381
1697994421713330848,1416
1697994421763174720,1448
1697994421823274336,1453
1697994421874011968,1451
1697994421923558880,1449
1697994421973435168,1449
1697994422023311072,1449
1697994422084257824,1450
1697994422133466048,1449
1697994422183473760,1449
1697994422237873184,1450
1697994422283602304,1450
1697994422343310240,1450
1697994422398178624,1452
1697994422443216352,1452
1697994422495169792,1452
1697994422553270272,1457
1697994422604184640,1453
1697994422653350656,1454
1697994422703775712,1450
1697994422753485088,1453
1697994422813975808,1432
1697994422866567168,1452
1697994422913264672,1455
1697994422963244288,1454
1697994423013613152,1452
1697994423073668288,1454
1697994423124107392,1453
1697994423174087328,1452
1697994423223232160,1452
1697994423273970944,1451
1697994423334022432,1453
1697994423383996448,1451
1697994423433813280,1452
1697994423483777728,1451
1697994423534046208,1450
1697994423593290560,1449
1697994423643389344,1450
1697994423693491808,1450
1697994423744584672,1448
1697994423804131648,1452
1697994423853951648,1453
1697994423903916704,1455
1697994423955443840,1454
1697994424004249568,1452
1697994424063807616,1447
1697994424114121280,1446
1697994424163245376,1444
1697994424216186176,1447
1697994424263133632,1452
1697994424323503936,1450
1697994424377345984,1452
1697994424423262144,1451
1697994424473362848,1452
1697994424524089664,1451
1697994424584401984,1451
1697994424633275744,1452
1697994424685597248,1452
1697994424733421504,1453
1697994424786151296,1392
1697994424847931008,1452
1697994424898482432,1453
1697994424944394432,1452
1697994424993469632,1452
1697994425053378528,1452
1697994425105975520,1453
1697994425153180640,1454
1697994425203276832,1453
1697994425253807072,1453
1697994425313597184,1451
1697994425364080128,1452
1697994425413282528,1452
1697994425463410752,1452
1697994425513919232,1452
1697994425574258240,1452
1697994425623328256,1450
1697994425673321600,1452
1697994425723354496,1452
1697994425773567936,1452
1697994425833838784,1452
1697994425887444768,1452
1697994425933421600,1451
1697994425983762176,1452
1697994426033840800,1449
1697994426093704256,1441
1697994426143342432,1415
1697994426193459360,1401
1697994426243842304,1383
1697994426303697728,1381
1697994426353353664,1389
1697994426403586400,1399
1697994426453319680,1409
1697994426504478496,1420
1697994426565766880,1429
1697994426613302336,1424
1697994426663250336,1407
1697994426713138432,1355
1697994426763823968,1317
1697994426823661760,1294
1697994426876338080,1221
1697994426927645504,1208
1697994426975174080,1217
1697994427023812448,1015
1697994427083885184,1224
1697994427133306208,1240
1697994427186321504,1257
1697994427233389760,1273
1697994427283800864,1276
1697994427343873888,1274
1697994427394387264,1273
1697994427444625280,1271
1697994427493610624,1262
1697994427553321024,1266
1697994427603185120,1272
1697994427657336320,1283
1697994427705687424,1322
1697994427756039808,1337
1697994427813554912,1357
1697994427867691616,1386
1697994427913229024,1397
1697994427963290624,1408
1697994428013288608,1448
1697994428073197888,1447
1697994428123392960,1448
1697994428173763424,1448
1697994428224011232,1448
1697994428275847232,1448
1697994428334160096,1447
1697994428386948096,1449
1697994428433412672,1448
1697994428484320736,1448
1697994428533222752,1449
1697994428593368544,1448
1697994428647810208,1449
1697994428693457920,1449
1697994428745972032,1407
1697994428803483456,1446
1697994428853375712,1447
1697994428903483168,1448
1697994428954438080,1449
1697994429004339712,1448
1697994429066958240,1446
1697994429116295968,1448
1697994429163699680,1448
1697994429213969440,1448
1697994429263639488,1448
1697994429323176416,1448
1697994429373294816,1450
1697994429429997760,1449
1697994429473264896,1448
1697994429523592032,1449
1697994429578858752,1448
1697994429633484224,1448
1697994429684094496,1447
1697994429735512512,1448
1697994429783475488,1449
1697994429843280320,1448
1697994429893369344,1448
1697994429943725824,1032
1697994429993180544,1448
1697994430053699040,1447
1697994430104070048,1447
1697994430153440736,1447
1697994430203938048,1447
1697994430253686304,1447
1697994430313461440,1448
1697994430363647744,1448
1697994430413442272,1448
1697994430463595072,1449
1697994430513408512,1447
1697994430573597152,1448
1697994430623270272,1447
1697994430673481312,1447
1697994430723213056,1364
1697994430773231488,1448
1697994430830847552,1005
1697994430883194240,1450
1697994430933798112,1447
1697994430984434688,1444
1697994431033427008,1441
1697994431093306624,1444
1697994431143192864,1442
1697994431193699872,1444
1697994431243190752,1445
1697994431303313120,1446
1697994431353861376,1445
1697994431403633952,1443
1697994431458936384,1438
1697994431507975872,1439
1697994431563549568,1436
1697994431613296416,1435
1697994431663250848,1435
1697994431713242944,1436
1697994431766396544,1435
1697994431824034624,1434
1697994431877445088,1437
1697994431923218080,1436
1697994431973387744,1432
1697994432023355712,1429
1697994432083200864,1424
1697994432133486272,1423
1697994432183952352,1421
1697994432233245536,1412
1697994432283839040,1398
1697994432343403008,1375
1697994432393470496,1324
1697994432443645600,1307
1697994432493251456,1310
1697994432553309504,1317
1697994432604096608,1324
1697994432653378592,1342
1697994432703294592,1342
1697994432756040032,1344
1697994432813462528,1343
1697994432868645632,1347
1697994432913242080,1345
1697994432963242976,1334
1697994433013425792,1329
1697994433073655456,1329
1697994433124917856,1325
1697994433173655168,1321
1697994433223254976,1310
1697994433273530752,1323
1697994433333535872,1333
1697994433383466592,1333
1697994433433251264,1332
1697994433484578816,1329
1697994433533956832,1332
1697994433594294016,1333
1697994433643284960,1368
1697994433693342656,1396
1697994433750410112,1411
1697994433803854976,1415
1697994433853231296,1425
1697994433904136704,1428
1697994433954009632,1434
1697994434004058304,1432
1697994434064091104,1436
1697994434114184672,1440
1697994434163755520,1442
1697994434213817440,1445
1697994434263555712,1451
1697994434324547616,1452
1697994434373701216,1450
1697994434424288672,1450
1697994434473329408,1451
1697994434523275360,1448
1697994434584230432,1452
1697994434635684704,1452
1697994434683288992,1451
1697994434733708096,1453
1697994434785213344,1029
1697994434843319712,1454
1697994434893297952,1452
1697994434943362624,1453
1697994434994336416,1452
1697994435053321664,1454
1697994435104241920,1454
1697994435154134976,1449
1697994435208048576,1450
1697994435253145856,1451
1697994435313599104,1452
1697994435364563296,1452
1697994435413430304,1454
1697994435463219904,1455
1697994435513350592,1454
1697994435574058240,1344
1697994435623993600,1453
1697994435674324480,1456
1697994435724372512,1455
1697994435777037248,1453
1697994435833833440,1453
1697994435884649280,1459
1697994435933409504,1453
1697994435986841824,1452
1697994436033227200,1454
1697994436093680960,1454
1697994436143200736,1451
1697994436193843136,1451
1697994436244048960,1451
1697994436303820608,1452
1697994436353404320,1452
1697994436403592960,1454
1697994436453810624,1453
1697994436507296256,1453
1697994436567898368,1450
1697994436619967040,1451
1697994436663134048,1448
1697994436713730848,1450
1697994436763429920,1064
1697994436823263968,1450
1697994436873446496,1452
1697994436926322368,1453
1697994436974034752,1452
1697994437023425216,1453
1697994437083353664,1456
1697994437134342496,1455
1697994437183480320,1451
1697994437236458912,1454
1697994437283537824,1455
1697994437344068960,1453
1697994437393960128,1453
1697994437443304864,1452
1697994437493474816,1454
1697994437554245472,1318
1697994437603377984,1462
1697994437653638592,1451
1697994437703142496,1446
1697994437753556544,1449
1697994437813983264,1449
1697994437863729280,1447
1697994437913985120,1445
1697994437963336128,1441
1697994438014117920,1432
1697994438073271072,1414
1697994438123737536,1395
1697994438174464064,1360
1697994438223298368,1340
1697994438274080736,1329
1697994438334378784,1311
1697994438384902752,1293
1697994438434650496,1274
1697994438483237728,1230
1697994438533411840,1215
1697994438593824064,1111
1697994438643805248,1186
1697994438693425408,1185
1697994438744101824,1185
1697994438804150400,1169
1697994438854146368,1173
1697994438903659680,1159
1697994438953655872,1262
1697994439006810912,1287
1697994439063280160,1272
1697994439113906912,1318
1697994439164357984,1386
1697994439213291744,1399
1697994439263869856,1397
1697994439323249376,1374
1697994439373252288,1350
1697994439423270272,1350
1697994439473215456,1379
1697994439527824480,1397
1697994439583919360,1400
1697994439633504512,1406
1697994439683422432,1409
1697994439736116416,1406
1697994439783204160,1397
1697994439843331680,1392
1697994439893346688,1397
1697994439943486496,1401
1697994439999278656,1400
1697994440045043200,1397
1697994440103550240,1401
1697994440153383136,1400
1697994440204688192,1398
1697994440259700576,1408
1697994440313493536,1413
1697994440364344608,1412
1697994440413323552,1414
1697994440463600736,1401
1697994440513824800,1416
1697994440574464992,1409
1697994440624090720,1397
1697994440673392512,1372
1697994440728144608,1375
1697994440777280192,1361
1697994440833723776,1361
1697994440884999488,1385
1697994440934142240,1396
1697994440983541440,1385
1697994441034451104,1394
1697994441094231936,1399
1697994441144001344,1393
1697994441193643040,1383
1697994441243627424,1384
1697994441306653408,1410
1697994441353536960,1423
1697994441405739680,1427
1697994441453927520,1433
1697994441503556448,1401
1697994441564052512,1426
1697994441614588896,1406
1697994441663292416,1404
1697994441714272800,1400
1697994441764609696,1402
1697994441823474528,1405
1697994441875474720,1402
1697994441923442848,1401
1697994441974575520,1403
1697994442023974592,1401
1697994442086269568,1406
1697994442133364096,1408
1697994442183741280,1409
1697994442233618496,1408
1697994442283156000,1415
1697994442343410976,1429
1697994442393507520,1431
1697994442443291904,1427
1697994442493377536,1427
1697994442554287584,1431
1697994442605227488,1440
1697994442653327168,1442
1697994442703155872,1085
1697994442753150272,1450
1697994442813130976,1448
1697994442863712608,1449
1697994442913466368,1449
1697994442963166688,1451
1697994443013497952,1453
1697994443074621888,1452
1697994443127240640,1448
1697994443179327328,1450
1697994443228869824,1448
1697994443273326272,1453
1697994443333512640,1451
1697994443383617248,1445
1697994443435563232,1445
1697994443483651584,1311
1697994443533474592,1443
1697994443593362720,1089
1697994443645135008,1443
1697994443698868992,1443
1697994443743198688,1444
1697994443804153568,1444
1697994443853653472,1444
1697994443903160608,1443
1697994443954131776,1443
1697994444004137632,1443
1697994444063413984,1443
1697994444113694976,1443
1697994444163430976,1442
1697994444214446336,1440
1697994444263823680,1439
1697994444323533856,1441
1697994444373252544,1441
1697994444427357504,1440
1697994444473352352,1441
1697994444523302368,1440
1697994444583936992,1440
1697994444635941152,1441
1697994444686425312,1441
1697994444733585376,1443
1697994444783515936,1443
1697994444843217280,1443
1697994444896642400,1445
1697994444943148768,1447
1697994444993630432,1444
1697994445053529152,1443
1697994445106004736,1443
1697994445153499392,1444
1697994445203199616,1443
1697994445253379104,1443
1697994445313413632,1443
1697994445363273600,1442
1697994445413783616,1444
1697994445464131872,1302
1697994445513301504,1443
1697994445573258400,1097
1697994445623376992,1443
1697994445673261664,1441
1697994445723649760,1442
1697994445774194208,1443
1697994445833231008,1443
1697994445883544864,1442
1697994445936193344,1442
1697994445983201312,1441
1697994446033792352,1442
1697994446093446880,1441
1697994446143266112,1443
1697994446193824800,1441
1697994446243435200,1441
1697994446303262720,1441
1697994446354000736,1441
1697994446403752096,1442
1697994446453200896,1441
1697994446503428288,1441
1697994446563238784,1444
1697994446616272768,1442
1697994446668507104,1442
1697994446713743584,1444
1697994446763963712,1447
1697994446823728576,1445
1697994446875398368,1444
1697994446925191200,1443
1697994446973810368,1443
1697994447029719488,1443
1697994447085827968,1443
1697994447136050208,1444
1697994447183474880,1446
1697994447234576576,1444
1697994447283178240,1444
1697994447348551648,1444
1697994447393618176,1444
1697994447443913632,1444
1697994447494105440,1444
1697994447553485536,1074
1697994447603519744,1443
1697994447653331424,1444
1697994447704434272,1444
1697994447753349536,1445
1697994447813275552,1444
1697994447868012928,1443
1697994447913257440,1444
1697994447963283808,1443
1697994448014226208,1444
1697994448073470816,1444
1697994448123543840,1443
1697994448174372032,1443
1697994448223683456,1444
1697994448274181376,1443
1697994448324683776,1290
1697994448383190656,1443
1697994448435762304,1444
1697994448484633568,1444
1697994448533999744,1443
1697994448594153152,1443
1697994448644074464,1443
1697994448693516288,1443
1697994448743623840,1442
1697994448804211200,1443
1697994448853974240,1443
1697994448904016064,1442
1697994448953952896,1444
1697994449003491424,1443
1697994449063352576,1443
1697994449116659520,1443
1697994449164042720,1443
1697994449219483456,1443
1697994449263397408,1443
1697994449324124288,1443
1697994449373978944,1443
1697994449424504960,1442
1697994449473935264,1443
1697994449524258976,1114
1697994449583832000,1443
1697994449634179264,1443
1697994449683402112,1443
1697994449733380640,1442
1697994449784433088,1443
1697994449843461984,1442
1697994449893610400,1443
1697994449946662848,1445
1697994449997519104,1443
1697994450057315328,1442
1697994450103540672,1442
1697994450154142080,1444
1697994450203253280,1443
1697994450253574528,1443
1697994450313161728,1280
1697994450363343232,1441
1697994450414165248,1443
1697994450464389184,1443
1697994450513192128,1442
1697994450573276000,1442
1697994450623489664,1442
1697994450673418272,1442
1697994450723167680,1442
1697994450773158432,1443
1697994450833884672,1443
1697994450884372576,1442
1697994450933650528,1442
1697994450983252416,1442
1697994451035255456,1442
1697994451094416448,1442
1697994451144608992,1442
1697994451194400672,1442
1697994451244226368,1442
1697994451304239680,1442
1697994451353699648,1441
1697994451403278080,1441
1697994451456361600,1442
1697994451503801312,1154
1697994451564534080,1442
1697994451613589952,1440
1697994451667555296,1443
1697994451714307648,1441
1697994451763552960,1442
1697994451823900928,1441
1697994451874338624,1442
1697994451923450976,1441
1697994451973215456,1441
1697994452023624256,1441
1697994452083854912,1441
1697994452133368992,1442
1697994452183284896,1442
1697994452236079488,1444
1697994452283954848,1221
1697994452345766656,1473
1697994452394186464,1491
1697994452443269920,1505
1697994452493578528,1525
1697994452553962720,1543
1697994452603265632,1565
1697994452658224192,1588
1697994452703565440,1606
1697994452753734048,1627
1697994452813824256,1647
1697994452864258496,1663
1697994452914305184,1662
1697994452963573152,1666
1697994453014292064,1665
1697994453073990368,1661
1697994453123292768,1660
1697994453173400992,1659
1697994453226740480,1590
1697994453273552544,1661
1697994453333662816,1127
1697994453383212672,1660
1697994453433314080,1654
1697994453484027168,1587
1697994453533260000,1649
1697994453597484448,1647
1697994453646480736,1645
1697994453693511968,1641
1697994453745686144,1634
1697994453795529280,1622
1697994453853328064,1612
1697994453903330080,1601
1697994453953345216,1590
1697994454003424960,1573
1697994454063172960,1564
1697994454113396288,1548
1697994454167745600,1538
1697994454216368416,1532
1697994454263323904,1157
1697994454323384064,1516
1697994454373666336,1500
1697994454423586208,1490
1697994454473260800,1471
1697994454527142272,1457
1697994454583444192,1438
1697994454634829888,1416
1697994454683286208,1388
1697994454733244768,1359
1697994454783183840,1320
1697994454838774016,1286
1697994454893456832,1248
1697994454943683936,1218
1697994454996157376,1217
1697994455054405632,1221
1697994455103545376,1224
1697994455153659200,1229
1697994455203412064,1230
1697994455254167456,1234
1697994455314236288,1237
1697994455364149664,1245
1697994455413583680,1242
1697994455463443776,1241
1697994455514921280,1238
1697994455573565632,1239
1697994455623931584,1238
1697994455673286080,1236
1697994455724448576,1234
1697994455774459744,1233
1697994455834055296,1233
1697994455883293664,1233
1697994455934249216,1230
1697994455983362464,1233
1697994456038921248,1234
1697994456093207456,1235
1697994456143745440,1240
1697994456193553472,1245
1697994456243602144,1251
1697994456304837920,1255
1697994456353745568,1257
1697994456407916544,1256
1697994456453266528,1259
1697994456503838208,1261
1697994456563415712,1260
1697994456613337184,1260
1697994456663274496,1259
1697994456714714176,1255
1697994456764408320,1255
1697994456823330080,1255
1697994456873466464,1256
1697994456927315616,1259
1697994456977821120,1261
1697994457024333920,1260
1697994457083235392,1259
1697994457136624960,1259
1697994457183843136,1261
1697994457233508000,1261
1697994457284156768,1263
1697994457344072352,1259
1697994457394314592,1261
1697994457444715712,1264
1697994457493384896,1260
1697994457554663776,1264
1697994457603342976,1265
1697994457655593088,1265
1697994457703457856,1267
1697994457753312864,1266
1697994457807711232,1267
1697994457863147040,1265
1697994457913249760,1268
1697994457963331392,1271
1697994458013520064,1272
1697994458073425056,1274
1697994458123363328,1277
1697994458180145408,1281
1697994458223348704,1284
1697994458276665568,1287
1697994458333401696,1287
1697994458383906496,1289
1697994458433225888,1286
1697994458483643840,1287
1697994458533764096,1287
1697994458599945280,1288
1697994458647968256,1292
1697994458694756448,1294
1697994458744708480,1296
1697994458803807616,1294
1697994458853639776,1293
1697994458904116576,1292
1697994458953757088,1290
1697994459003858368,1291
1697994459063649216,1291
1697994459113780320,1289
1697994459169371104,1290
1697994459213600000,1290
1697994459266054464,1290
1697994459323267520,1290
1697994459373504992,1291
1697994459423694304,1290
1697994459476206016,1290
1697994459524749952,1290
1697994459583312064,1290
1697994459633358016,1288
1697994459683258720,1291
1697994459733258048,1290
1697994459786804064,1292
1697994459843610912,1289
1697994459893456800,1290
1697994459943914464,1290
1697994459993683968,1289
1697994460054264864,1290
1697994460103856032,1290
1697994460153374720,1289
1697994460203468000,1290
1697994460253318848,1289
1697994460317330208,1290
1697994460365689792,1290
1697994460414314848,1290
1697994460463344544,1289
1697994460513169568,1289
1697994460568967104,1289
1697994460623158816,1289
1697994460673494048,1290
1697994460724883424,1291
1697994460773897952,1289
1697994460834353056,1290
1697994460883589984,1289
1697994460933249408,1289
1697994460983579968,1289
1697994461033683264,1289
1697994461095800256,1289
1697994461146492352,1292
1697994461193466432,1290
1697994461244830528,1290
1697994461303573088,1289
1697994461353420096,1289
1697994461403579232,1289
1697994461457022176,1289
1697994461503298944,1289
1697994461563267872,1289
1697994461613652064,1289
1697994461666855040,1290
1697994461713758176,1289
1697994461763746336,1289
1697994461824146624,1289
1697994461876207360,1289
1697994461923229664,1289
1697994461973592640,1289
1697994462023810816,1289
1697994462083808288,1288
1697994462133218368,1290
1697994462183311040,1288
1697994462233321760,1289
1697994462283210080,1289
1697994462343396032,1288
1697994462400027296,1289
1697994462443729568,1288
1697994462493595712,1289
1697994462556284608,1289
1697994462603883552,1289
1697994462653726816,1289
1697994462703170688,1288
1697994462753873792,1289
1697994462814326496,1289
1697994462864172064,1289
1697994462918022720,1288
1697994462963736800,1289
1697994463015406368,1289
1697994463073302848,1288
1697994463123212736,1288
1697994463173524064,1288
1697994463228399968,1289
1697994463273972800,1288
1697994463333266848,1288
1697994463383730912,1290
1697994463438545088,1290
1697994463483460736,1289
1697994463533309984,1288
1697994463593244064,1288
1697994463643598912,1288
1697994463693279712,1288
1697994463743324256,1288
1697994463803600064,1288
1697994463854411456,1290
1697994463903249856,1288
1697994463953277440,1288
1697994464004035712,1288
1697994464063396000,1288
1697994464113730688,1288
1697994464163146784,1288
1697994464213672768,1287
1697994464263561312,1290
1697994464323266080,1288
1697994464373857888,1290
1697994464424290592,1286
1697994464474130336,1288
1697994464523903680,1288
1697994464583132320,1288
1697994464633312544,1285
1697994464683985472,1288
1697994464734130688,1290
1697994464783591456,1288
1697994464843679776,1288
1697994464893611104,1288
1697994464943224832,1888
1697994464993653120,1288
1697994465058504384,1288
1697994465104006880,1288
1697994465156475360,1288
1697994465203185440,1289
1697994465254118496,1287
1697994465313781824,1287
1697994465363762208,1289
1697994465414668704,1288
1697994465464449408,1288
1697994465514047200,1288
1697994465574245280,1288
1697994465623232576,1287
1697994465673874176,1288
1697994465723754080,1288
1697994465773953280,1288
1697994465833380608,1288
1697994465884097824,1288
1697994465937957248,1288
1697994465984554112,1290
1697994466033992032,1287
1697994466094260928,1288
1697994466143323392,1288
1697994466196153536,1289
1697994466243877888,1288
1697994466303273184,1288
1697994466354423424,1288
1697994466403195712,1289
1697994466453398720,1287
1697994466507547104,1288
1697994466566421984,1287
1697994466614977056,1288
1697994466666562400,1288
1697994466713212864,1287
1697994466764461792,1285
1697994466825151328,1288
1697994466873277152,1287
1697994466925768480,1288
1697994466973218368,1288
1697994467027342848,1288
1697994467083145088,1289
1697994467133481344,1288
1697994467183264704,1289
1697994467233281440,1288
1697994467283398464,1288
1697994467344130304,1288
1697994467393476864,1287
1697994467444408000,1287
1697994467494042016,1286
1697994467554290656,1287
1697994467603696032,1288
1697994467653511392,1288
1697994467703956064,1288
1697994467754115584,1287
1697994467816215520,1287
1697994467863767040,1289
1697994467913766688,1288
1697994467963169152,1288
1697994468014642368,1287
1697994468074503264,1289
1697994468123319712,1288
1697994468174412704,1288
1697994468223592832,1288
1697994468277058720,1288
1697994468333264864,1288
1697994468383193056,1288
1697994468433236288,1288
1697994468484545216,1288
1697994468533257344,1287
1697994468594297024,1287
1697994468643169728,1288
1697994468693931872,1288
1697994468746157504,1288
1697994468805715744,1286
1697994468856146016,1289
1697994468903248256,1288
1697994468953599456,1289
1697994469003241888,1259
1697994469066870208,1288
1697994469113879840,1290
1697994469167041312,1288
1697994469213488512,1289
1697994469264091552,1288
1697994469323718784,1288
1697994469373899200,1287
1697994469424426080,1286
1697994469473587872,1288
1697994469526719488,1288
1697994469583483840,1290
1697994469633186944,1288
1697994469683298656,1288
1697994469733689312,1288
1697994469783229696,1287
1697994469843787456,1288
1697994469894739232,1289
1697994469943229568,1288
1697994469993828576,1290
1697994470053317440,1287
1697994470103403584,1288
1697994470153305184,1288
1697994470203624416,1289
1697994470253305056,1288
1697994470313713888,1292
1697994470363616192,1288
1697994470413260320,1288
1697994470463370112,1289
1697994470514928768,1288
1697994470573959520,1290
1697994470623236416,1287
1697994470675018688,1288
1697994470723250400,1286
1697994470773376288,1288
1697994470833432352,1288
1697994470885017632,1288
1697994470933534752,1290
1697994470983187936,1283
1697994471034106528,1288
1697994471093723136,1289
1697994471147989344,1288
1697994471193238400,1287
1697994471248942624,1290
1697994471296347392,1288
1697994471353317760,1288
1697994471403259360,1288
1697994471453608736,1287
1697994471506158240,1288
1697994471563303424,1288
1697994471613749152,1288
1697994471663603648,1288
1697994471713911712,1288
1697994471763638048,1287
1697994471825077760,1288
1697994471874959520,1288
1697994471923645280,1288
1697994471976453984,1288
1697994472023175872,1288
1697994472083335232,1289
1697994472136749952,1287
1697994472183647136,1288
1697994472233266080,1288
1697994472283624960,1288
1697994472344159360,1288
1697994472393300480,1287
1697994472443208992,1288
1697994472493611136,1288
1697994472553519328,1286
1697994472603292832,1288
1697994472653558432,1288
1697994472703197216,1288
1697994472756616608,1288
1697994472813257120,1288
1697994472863219360,1288
1697994472913250080,1288
1697994472964357664,1274
1697994473013776832,1288
1697994473077740480,1288
1697994473127908288,1288
1697994473173418656,1287
1697994473223710944,1288
1697994473273650400,1288
1697994473333303456,1288
1697994473383764928,1288
1697994473433578752,1288
1697994473483249696,1288
1697994473533321184,1288
1697994473596742272,1288
1697994473643618944,1287
1697994473693961536,1288
1697994473743704608,1288
1697994473803321696,1287
1697994473853223392,1288
1697994473903657120,1288
1697994473954016640,1286
1697994474003731136,1288
1697994474063553120,1289
1697994474113669088,1288
1697994474163203936,1287
1697994474213337024,1288
1697994474263560736,1288
1697994474323198528,1289
1697994474374095744,1288
1697994474423228480,1288
1697994474473773664,1288
1697994474523244928,1288
1697994474583150528,1288
1697994474633320576,1288
1697994474683844320,1287
1697994474734327328,1288
1697994474783245440,1288
1697994474843883680,1288
1697994474893611744,1287
1697994474943306752,1288
1697994474993718080,1290
1697994475053358944,1289
1697994475103599616,1288
1697994475154345632,1287
1697994475203846336,1288
1697994475253835072,1288
1697994475314691712,1287
1697994475363682016,1288
1697994475414152640,1288
1697994475463990304,1288
1697994475513329952,1287
1697994475573276128,1287
1697994475625200288,1286
1697994475673260320,1289
1697994475723280896,1288
1697994475774806176,1288
1697994475833162080,1262
1697994475883585792,1288
1697994475934280352,1288
1697994475985628256,1288
1697994476034107200,1288
1697994476094544704,1288
1697994476143982784,1288
1697994476193947808,1287
1697994476244083584,1288
1697994476304044256,1288
1697994476353616832,1287
1697994476404268608,1288
1697994476453478240,1288
1697994476503374464,1288
1697994476563818368,1288
1697994476613391936,1289
1697994476664344384,1288
1697994476713897312,1287
1697994476763179648,1288
1697994476823717632,1287
1697994476873908608,1287
1697994476923665152,1290
1697994476973367616,1287
1697994477023658816,1289
1697994477083581568,1289
1697994477134078944,1292
1697994477183628864,1288
1697994477233221024,1288
1697994477283937600,1287
1697994477343444768,1288
1697994477393416224,1288
1697994477443346496,1287
1697994477494942112,1288
1697994477553284768,1288
1697994477603365696,1290
1697994477653935488,1288
1697994477706202656,1287
1697994477753469792,1288
1697994477813463552,1253
1697994477863630176,1287
1697994477913350688,1288
1697994477963288768,1288
1697994478017018784,1288
1697994478073552448,1288
1697994478123202240,1288
1697994478173452512,1289
1697994478223535808,1287
1697994478273755808,1287
1697994478338489312,1288
1697994478383336512,1288
1697994478434895552,1288
1697994478483798240,1287
1697994478533268096,1288
1697994478593248832,1287
1697994478648239232,1286
1697994478694442816,1288
1697994478746815968,1290
1697994478803266496,1288
1697994478853530720,1288
1697994478903243168,1288
1697994478956565440,1288
1697994479003251616,1290
1697994479065341632,1290
1697994479117855456,1288
1697994479164341472,1288
1697994479214371776,1288
1697994479263322208,1287
1697994479323249824,1288
1697994479374344800,1288
1697994479424048192,1288
1697994479474214272,1287
1697994479528612160,1288
1697994479584146528,1288
1697994479634151008,1287
1697994479683248576,1287
1697994479734106752,1288
1697994479783396288,1276
1697994479843718080,1288
1697994479894231264,1288
1697994479943388576,1288
1697994479993572736,1288
1697994480057049120,1287
1697994480103424896,1287
1697994480153228800,1288
1697994480203189568,1288
1697994480254117248,1288
1697994480313974144,1288
1697994480363627744,1287
1697994480413945312,1288
1697994480463271232,1288
1697994480514161024,1288
1697994480574038304,1287
1697994480625849056,1288
1697994480673973632,1288
1697994480723366336,1289
1697994480773647584,1292
1697994480833477280,1295
1697994480886380032,1294
1697994480937898752,1294
1697994480983521888,1010
1697994481033420000,1292
1697994481093445376,1293
1697994481144223360,1295
1697994481195350656,1295
1697994481247561600,1297
1697994481303441280,1302
1697994481353222432,1308
1697994481403325248,1320
1697994481453297024,1333
1697994481504559072,1359
1697994481563501632,1383
1697994481613789120,1416
1697994481666021824,1451
1697994481713415488,1495
1697994481763591328,1532
1697994481823265760,1583
1697994481873436224,1635
1697994481926310080,1680
1697994481977118944,1701
1697994482023616256,1697
1697994482083984768,1692
1697994482138885504,1689
1697994482183221728,1686
1697994482233513248,1684
1697994482283358144,1683
1697994482344712768,1681
1697994482394096928,1677
1697994482443282432,1677
1697994482493632672,1669
1697994482554442720,1667
1697994482603363680,1662
1697994482653961952,1657
1697994482703542848,1395
1697994482754501696,1648
1697994482813700864,1317
1697994482866529792,1647
1697994482913732256,1647
1697994482965602240,1644
1697994483013382720,1645
1697994483074408032,1642
1697994483125652064,1639
1697994483173777600,1639
1697994483223907808,1639
1697994483274888288,1642
1697994483333261120,1643
1697994483383274464,1644
1697994483433318240,1645
1697994483489021024,1642
1697994483533499200,1640
1697994483593251712,1381
1697994483646828000,1639
1697994483697664608,1640
1697994483745822976,1641
1697994483803353920,1645
1697994483854350976,1650
1697994483903756896,1651
1697994483957922144,1652
1697994484003279648,1651
1697994484067301536,1653
1697994484114560576,1653
1697994484163385152,1656
1697994484214671328,1655
1697994484264893216,1654
1697994484323163904,1654
1697994484373981920,1654
1697994484423930112,1651
1697994484478478528,1651
1697994484523583232,1654
1697994484586010432,1658
1697994484633511168,1659
1697994484684271520,1659
1697994484733491264,1656
1697994484783348448,1322
1697994484843863872,1645
1697994484894037504,1651
1697994484943199424,1650
1697994484993624096,1650
1697994485053594240,1653
1697994485104138048,1652
1697994485157509760,1654
1697994485203911904,1650
1697994485253414400,1649
1697994485315934144,1646
1697994485363166112,1645
1697994485415783936,1643
1697994485463280928,1639
1697994485513701920,1640
1697994485573373120,1371
1697994485623179008,1638
1697994485674860064,1636
1697994485725054912,1637
1697994485773536960,1636
1697994485833746944,1638
1697994485883912960,1639
1697994485933724480,1643
1697994485983668448,1650
1697994486034024928,1652
1697994486094304544,1660
1697994486144529792,1663
1697994486197950432,1666
1697994486243404672,1667
1697994486303429856,1666
1697994486353235168,1662
1697994486406704416,1659
1697994486453319360,1658
1697994486504516384,1656
1697994486563694560,1657
1697994486619496800,1652
1697994486669177312,1645
1697994486714527168,1641
1697994486764078368,1297
1697994486823959136,1641
1697994486873920864,1640
1697994486923638432,1638
1697994486973902240,1637
1697994487024202112,1639
1697994487083510592,1638
1697994487134131968,1636
1697994487183329088,1635
1697994487233281024,1636
1697994487283272992,1637
1697994487344085920,1633
1697994487393685216,1634
1697994487443870176,1631
1697994487493304192,1633
1697994487553279232,1414
1697994487603207808,1625
1697994487653345632,1618
1697994487704236704,1626
1697994487753238368,1625
1697994487815198368,1630
1697994487863407968,1634
1697994487914028480,1640
1697994487963332992,1642
1697994488013948864,1639
1697994488077565920,1635
1697994488123573120,1631
1697994488176417600,1632
1697994488223239648,1629
1697994488273342496,1623
1697994488334869536,1627
1697994488384552864,1624
1697994488436573952,1626
1697994488483887872,1625
1697994488533977824,1621
1697994488593808928,1626
1697994488650114528,1626
1697994488693231264,1628
1697994488748442976,1273
1697994488805571488,1627
1697994488853290080,1626
1697994488906850016,1626
1697994488953255424,1626
1697994489005839488,1626
1697994489064092512,1626
1697994489113795232,1626
1697994489163270624,1626
1697994489214190272,1625
1697994489263491680,1626
1697994489324488064,1626
1697994489373875936,1626
1697994489423232352,1625
1697994489473212640,1626
1697994489523679840,1407
1697994489583647520,1626
1697994489633356864,1626
1697994489683215200,1621
1697994489733193344,1435
1697994489783718624,1353
1697994489843879392,1425
1697994489897183072,1415
1697994489943453056,1439
1697994489993612640,1449
1697994490053501536,1449
1697994490103349664,1448
1697994490154225504,1448
1697994490203187200,1448
1697994490253963552,1447
1697994490313336192,1448
1697994490363716832,1449
1697994490413334912,1448
1697994490467125472,1448
1697994490516482688,1447
1697994490573321600,1007
1697994490623670176,1448
1697994490674411552,1448
1697994490724141440,1449
1697994490777018016,1448
1697994490833250880,1448
1697994490883778880,1448
1697994490933490176,1446
1697994490983579552,1447
1697994491033192608,1439
1697994491094119424,1435
1697994491144090208,1431
1697994491193380000,1426
1697994491243174560,1423
1697994491303223840,1418
1697994491353626944,1412
1697994491403409376,1408
1697994491453761312,1407
1697994491504130080,1404
1697994491563978784,1404
1697994491613259488,1407
1697994491664146336,1407
1697994491713324352,1408
1697994491763318016,1320
1697994491823927232,1407
1697994491873677120,1407
1697994491923518176,1414
1697994491973312128,1421
1697994492023286688,1423
1697994492083292256,1417
